108.5158
107.6677
106.7154
102.8877
102.7114
102.512
97.30719
95.95157
95.75201
94.75266
94.57787
92.59384
92.57648
91.70406
90.16572
90.08336
89.83873
89.64321
89.34267
88.97664
88.97006
88.78745
88.71474
88.39386
88.37892
88.33303
88.22608
87.76032
87.43818
87.36062
87.35055
87.26085
87.18225
86.9802
86.47627
86.43381
86.40373
85.89042
85.6838
85.65973
85.48373
85.39266
85.30521
85.2932
85.26667
85.07761
84.80667
84.47967
84.45719
84.43758
84.4184
83.9562
83.9321
83.91731
83.73319
83.52504
83.26881
83.2431
83.21268
83.20992
82.99669
82.88215
82.77401
82.57001
82.27766
81.84813
81.81588
81.67624
81.6414
81.62983
81.62036
81.54391
81.50189
81.48996
81.41702
81.32152
81.31929
81.3058
81.22824
81.22513
81.1036
80.64039
80.52003
80.50626
80.48281
80.32033
80.2914
80.22984
80.17545
80.10538
80.10051
80.08717
79.94397
79.92243
79.80045
79.75703
79.74783
79.60909
79.53847
79.53692
79.51791
79.50077
79.43426
79.38043
79.37071
78.96331
78.78638
78.7644
78.56865
78.53979
78.53012
78.38852
78.36538
78.34764
78.3457
78.31012
78.30566
78.29149
78.24897
78.16205
78.15409
78.06717
78.01507
77.97277
77.9433
77.86
77.80182
77.74722
77.73012
77.6325
77.6039
77.59593
77.58715
77.57338
77.47318
77.46958
77.33362
77.12494
77.05705
76.96688
76.92333
76.90835
76.87756
76.85747
76.77519
76.74198
76.72911
76.62033
76.61241
76.58548
76.53777
76.51022
76.47315
76.32735
76.32438
76.31457
76.31422
76.11833
75.95006
75.82815
75.76587
75.64978
75.52104
75.41581
75.39457
75.34548
75.32477
75.25218
75.22946
75.2219
75.1955
75.16727
75.14293
75.13821
75.11547
75.1075
75.03518
74.97246
74.95807
74.95716
74.93639
74.90032
74.88633
74.80501
74.77366
74.76424
74.75622
74.71923
74.70841
74.63333
74.57225
74.56853
74.56299
74.52022
74.42508
74.36295
74.33466
74.3293
74.30031
74.23875
74.2054
74.17421
74.14173
74.08094
74.07805
74.06469
74.03824
74.03414
73.88182
73.85181
73.81684
73.79315
73.78365
73.77784
73.72913
73.7224
73.70401
73.65152
73.60275
73.59288
73.59126
73.53597
73.51519
73.48302
73.41503
73.40838
73.36354
73.34986
73.33409
73.29233
73.19856
73.19352
73.19081
73.1517
73.12227
73.11758
73.08091
73.0769
73.06695
73.04771
73.02384
72.98871
72.95497
72.87619
72.85772
72.75157
72.72076
72.71837
72.71265
72.61493
72.58162
72.54413
72.53959
72.50938
72.46943
72.44648
72.38225
72.36782
72.34913
72.31735
72.23162
72.191
72.06934
71.79611
71.77755
71.73688
71.72205
71.71886
71.71824
71.67959
71.6606
71.5956
71.56194
71.53443
71.49617
71.4925
71.40324
71.34389
71.26951
71.18022
71.1617
71.14673
71.10809
71.09695
71.07287
71.04714
70.98878
70.98414
70.9836
70.96222
70.95404
70.95123
70.94963
70.93659
70.88572
70.86152
70.75554
70.74669
70.73561
70.68555
70.67594
70.63495
70.62223
70.59881
70.57796
70.53514
70.48496
70.48384
70.4786
70.47538
70.42723
70.4125
70.33317
70.23487
70.21778
70.21469
70.17541
70.07911
69.96078
69.93688
69.918
69.82981
69.79219
69.75621
69.70181
69.69922
69.62335
69.60706
69.59449
69.58838
69.54607
69.54522
69.40188
69.39559
69.35205
69.28294
69.26643
69.23361
69.19561
69.18075
69.15298
69.07721
69.06381
69.02153
69.00103
68.97753
68.91229
68.85783
68.84159
68.8409
68.78061
68.77959
68.73638
68.66622
68.65191
68.63827
68.63493
68.61574
68.61485
68.58889
68.57385
68.55512
68.50327
68.48963
68.47151
68.42831
68.42295
68.40013
68.36877
68.33956
68.33651
68.33312
68.25155
68.21131
68.2113
68.2009
68.19948
68.17473
68.14016
68.11808
68.11715
68.10988
68.07477
68.03772
68.03025
68.02476
67.87974
67.78052
67.76774
67.72944
67.70737
67.68672
67.67882
67.64159
67.57378
67.5168
67.46262
67.45759
67.44219
67.40581
67.39534
67.37258
67.35552
67.32997
67.32132
67.18894
67.15775
67.08567
67.05126
67.00678
66.99501
66.98629
66.95677
66.95143
66.93405
66.84321
66.79938
66.76614
66.71719
66.68031
66.63167
66.62262
66.60811
66.57033
66.52779
66.47423
66.42021
66.39423
66.38769
66.38201
66.38124
66.37885
66.35832
66.35089
66.26836
66.26494
66.17998
66.13342
66.12319
66.05462
66.04563
66.04208
66.02348
66.01683
66.01194
65.95583
65.88996
65.88044
65.87935
65.80806
65.78814
65.73994
65.70868
65.68465
65.63498
65.5642
65.53178
65.50743
65.46368
65.45868
65.43009
65.4001
65.34369
65.34219
65.33564
65.33372
65.31163
65.2693
65.23838
65.18995
65.16403
65.15348
65.14258
65.12997
65.11182
65.07256
65.0723
65.05874
65.0318
65.00714
64.99703
64.92413
64.86832
64.86253
64.84153
64.834
64.78366
64.74043
64.72389
64.70972
64.68874
64.66055
64.6225
64.62021
64.6143
64.53162
64.48242
64.47764
64.47064
64.3956
64.39241
64.34571
64.33295
64.32433
64.29203
64.29046
64.28562
64.26501
64.24423
64.19937
64.1814
64.06504
64.03345
64.00759
64.00136
63.98435
63.97644
63.90349
63.87274
63.86918
63.8589
63.8467
63.83473
63.82415
63.8097
63.80833
63.74214
63.65806
63.62427
63.61192
63.59895
63.58129
63.56363
63.55222
63.54992
63.54615
63.54541
63.51719
63.4661
63.44049
63.36699
63.35097
63.30092
63.24073
63.2229
63.2117
63.13551
63.13357
63.12155
63.07888
63.00463
63.00068
62.98324
62.94691
62.87615
62.85788
62.81711
62.77749
62.77439
62.77109
62.74779
62.74557
62.74253
62.73628
62.70397
62.69312
62.68931
62.66797
62.64871
62.64112
62.62653
62.5972
62.5767
62.56961
62.47232
62.37913
62.33068
62.32652
62.28145
62.27731
62.18877
62.16125
62.14845
62.13508
62.08388
62.03734
62.02946
62.02474
62.02086
62.01184
62.00707
61.96109
61.95249
61.78851
61.68685
61.67914
61.67307
61.6531
61.64616
61.63795
61.54055
61.52411
61.49963
61.49688
61.4824
61.4476
61.44205
61.44104
61.40832
61.40676
61.393
61.37277
61.36971
61.36717
61.32936
61.32268
61.31389
61.31324
61.2976
61.28635
61.26073
61.15327
61.13241
61.12508
61.08497
61.06003
61.02498
61.02471
61.00602
60.96841
60.90986
60.90632
60.90054
60.8972
60.88118
60.85344
60.84834
60.83906
60.7586
60.75385
60.74861
60.71194
60.69368
60.61641
60.61326
60.61157
60.5352
60.52855
60.44964
60.3812
60.34047
60.33609
60.28115
60.25243
60.21322
60.16089
60.1486
60.07607
60.07341
60.05745
60.03817
59.99519
59.98358
59.97342
59.96712
59.94224
59.90497
59.87268
59.86071
59.8067
59.77428
59.74763
59.70067
59.6312
59.59783
59.59115
59.57908
59.49472
59.48351
59.41782
59.3935
59.35366
59.34837
59.33285
59.31716
59.31663
59.3161
59.28351
59.25033
59.24825
59.24194
59.2116
59.13662
59.11982
58.90972
58.866
58.86139
58.84655
58.78281
58.73615
58.69855
58.65183
58.62812
58.53659
58.51964
58.35424
58.34699
58.31315
58.27388
58.25171
58.13228
58.06096
58.05837
57.87277
57.87164
57.8253
57.77511
57.76572
57.73099
57.72434
57.71065
57.70827
57.69611
57.64309
57.54791
57.53826
57.52803
57.52241
57.45004
57.4311
57.4258
57.41526
57.37107
57.33685
57.17211
57.13354
57.12661
57.09171
56.99249
56.98482
56.89761
56.81189
56.80536
56.8036
56.77745
56.76952
56.75111
56.69299
56.68632
56.68551
56.61579
56.54839
56.53998
56.52878
56.5278
56.40802
56.3628
56.32494
56.31316
56.31034
56.29892
56.24743
56.23163
56.20618
56.13458
56.09113
56.05313
56.02175
55.99115
55.97253
55.90293
55.89295
55.87
55.86343
55.82525
55.81232
55.70201
55.69586
55.69545
55.67044
55.63588
55.54296
55.51874
55.51569
55.47422
55.32705
55.24766
55.22948
55.19406
55.07477
55.05504
54.98656
54.94413
54.9416
54.91827
54.90623
54.88173
54.87253
54.86788
54.79435
54.79066
54.76898
54.75723
54.73845
54.65168
54.49535
54.44648
54.43062
54.42624
54.41953
54.40957
54.39709
54.36011
54.30409
54.26487
54.21325
54.19387
54.11538
54.11336
54.10026
54.0986
54.06069
54.00374
53.99664
53.94864
53.94002
53.93854
53.77086
53.76064
53.75488
53.75133
53.69277
53.67886
53.53922
53.52928
53.40712
52.96658
52.96477
52.92597
52.88734
52.81307
52.80065
52.76811
52.75346
52.68118
52.64318
52.58358
52.57017
52.55928
52.44455
52.39335
52.28823
52.28752
52.18843
52.15661
52.1509
52.11064
52.1065
52.08977
52.07664
52.02122
51.98632
51.94507
51.87622
51.83638
51.4655
51.45125
51.40628
51.36895
51.36735
51.34518
51.3052
51.27932
51.27039
51.23828
51.2047
51.19924
51.15194
51.13077
51.12332
51.06812
50.9071
50.61152
50.55638
50.5312
50.51702
50.48433
50.46217
50.4449
50.34157
50.26701
50.21271
50.10005
50.08855
50.06119
49.95231
49.93635
49.79801
49.73297
49.56926
49.56858
49.51197
49.47757
49.38161
49.36404
49.13351
49.07782
49.0744
49.03606
49.01848
48.99779
48.99226
48.95295
48.93075
48.91253
48.90305
48.89975
48.87912
48.82007
48.81578
48.67449
48.61608
48.56198
48.52008
48.3618
48.22465
48.05172
47.90658
47.7071
47.69973
47.56316
47.45179
47.41952
47.29819
47.17827
46.72445
46.56928
46.50402
46.40342
46.3852
46.26222
46.21487
46.17809
46.12051
46.11367
45.98696
45.92492
45.82257
45.78673
45.51373
45.28594
45.16388
45.03228
44.63381
44.55805
44.5173
44.22383
44.03476
44.03072
43.99934
43.97727
43.76867
43.68175
43.51904
43.19896
43.18593
43.09361
43.03006
42.46119
42.42199
42.33927
42.21887
41.87269
41.86973
41.66636
41.51835
41.47316
41.27476
41.26449
40.8993
40.10708
39.68595
39.24988
39.11015
38.8028
38.6979
38.49069
38.20134
37.85803
35.58329
35.37773
33.45376
33.14258
31.55566
31.22713
28.61587
28.02246
26.68302
26.64601
22.42289
