MF    83   1   0   0   0   0   0   0   0   0   0   0   0   0   0   0   0        
MF    81   1   0   0   0   0   0   0   0   0   0  11  11  11  11  11   0        
MF    79   1   0   0   0   0   0  21  21  21  21  21  21  21  21  12   0        
MF    77   1   0   0   0   0   0   0   0  21   0  12  12  12  12  12  12        
MF    75   1   0   0   0   0   0   0   0   0  12  12  12  12  12  12  12        
MF    73   1   0   0   0   0   0   0   0   0   0   0   0   0   0   0   0        
MF    71   1   0   0   0   0   0   0   0   0   0   0   0  11  11  11  11        
MF    69   1   0   0   0   0   0   0   0  21  22  22  11  11  11  11  11        
MF    67   1   0   0   0   0   0   0  22  12  22  21  11  11  11  11  11        
MF    65   1   0   0   0   0   0  22  22  12  12  12  12  12  12  12  12        
MF    63   1   0   0   0  22  22  22  21  12  12  12  12  12  12  12  12        
MF    61   1   0   0  22  22  22  21  21  12  12  12  12  12  12  12  12        
MF    59   1   0   0  22  22  22  12  21  12  21  22  21  21  21  21  21        
MF    57   1   0   0   0   0  22  22  22  22  22  22  21  21  21  21  21        
MF    55   1   0   0   0   0  22  22  22  22  22  22  22  21  21  21  21        
MF    53   1  22   0  21  21  22  22  22  22  22  22  22  22  22  22  22        
MF    51   1  22  22  22  22  22  22  22  22  22  22  22  22  22  22  22        
MF    49   1  22  22  22  22  22  21  22  13  22  22  22  22  22  12  12        
MF    47   1  22  22  22  22  22  22  22  22  22  22  13  22  13  21  11        
MF    45   1  22  22  22  22  22  22  22  22  21  22  13  22  21  21  11        
MF    43   1  22  22  22  22  22  21  21  21  21  21  22  22  21  22  21        
MF    41   1  22  22   0   0  22   0  21  22  21  21  22  22  21  22  23        
MF    39   1  22  22   0   0  22   0  21  22  21  21  21  22   0  22  23        
MF    37   1  21  21  21  21  31  32  21  22   0   0  21  22   0  22  23        
MF    35   1  23  23  31  31  32  33   0   0   0   0   0  22  21   0   0        
MF    33   1  41  41  41  41  42  41  41  41   0   0  42  42   0   0   0        
MF    31   1  43  43  43  43  43  41  42  43  33  42  42  42  33  43  42        
MF    29   1  41  33  43  42  33  41  41  31  33  43  42  43  41  41  41        
MF    27   1  33  33  22  32  33  41  33  33  22  43  42  42  42  43  42        
MF    25   1  23  32  31  23  31  32  51  31  43  43  43  33  33  42  42        
MF    23   1  32  33  31  31  42  33  41  23  43  31  41  41  41  42  43        
MF    21   1  33  41  42  41  42  43  32  31  31  33  42  43  42  51  42        
MF    19   1  33  41  42  33  23  51  51  51  43  41  33  32  51  51  42        
MF    17   1  33  41  42  41  43  51  51  51  51  51  33  41  51  51  42        
MF    15   1  33  33  33  41  43  42  43  42  42  33  32  33  33  41  33        
MF    13   1  31  31  33  33  41  41  32  32  33  32  31  31  33  32  33        
MF    11   1  21  22  32  31  31  32  31  31  31  23  31  22  31  31  23        
MF     9   1  22  21  22  21  31  23  23  23  23  31  23  22  22  31  31        
MF     7   1  22  22  21  21  23  21  22  22  23  23  22  21  22  23  23        
MF     5   1  22   0  22  13  21  21  21  21  22  22  22  22  22  22  22        
MF     3   1   0   0   0   0  21  21  21  21  22  13  21  22  22  22  22        
MF     1   1   0   0   0   0  21  21  21  21  13  10  13  21  22  22  21        
MF    -1   1   0   0   0   0  21  21  21  21  13  13  22  22  22  22  13        
MF    -3   1   0   0   0   0  21  21  21  21  22  22  22  22  22  22  22        
MF    -5   1   0   0   0   0   0  21  21  21  22  22  22  22  22  22  22        
MF    -7   1   0   0   0   0   0   0  21  21  22  22  22  22  22  22  22        
MF    -9   1   0   0   0   0   0   0  21  21  22  22  22  22  23  23  23        
MF   -11   1   0   0   0   0   0   0  23  23  31  31  31  31  31  31  31        
MF   -13   1   0   0   0   0   0   0  42  32  31  31  31  32  31  31  31        
MF   -15   1   0   0   0   0   0  43  42  32  31  32  31  31  31  31  31        
MF   -17   1   0   0   0   0   0  43  42  51  43  31  31  31  31  31  32        
MF   -19   1   0   0   0   0   0  43  42  51  33  31  32  31  32  31  31        
MF   -21   1   0   0   0   0   0   0  42  41  31  32  32  32  32  31  23        
MF   -23   1   0   0   0   0   0   0   0  43  31  32  32  32  32  23  23        
MF   -25   1   0   0   0   0   0   0   0  43  41  32  32  32  32  23  23        
MF   -27   1   0   0   0   0   0   0   0  43  42  32  32  32  31  23  23        
MF   -29   1   0   0   0   0   0   0   0   0  41  42  32  31  23  31  31        
MF   -31   1   0   0   0   0   0   0   0   0  42  42  31  31  31  23  31        
MF   -33   1   0   0   0   0   0   0   0   0  42  33  31  23  31  31  31        
MF   -35   1   0   0   0   0   0   0   0   0   0  33  32  32  32   0   0        
MF   -37   1   0   0   0   0   0   0   0   0   0   0   0   0   0   0   0        
MF   -39   1   0   0   0   0   0   0   0   0   0   0   0   0   0   0   0        
MF   -41   1   0   0   0   0   0   0   0   0   0   0   0   0   0   0   0        
MF   -43   1   0   0   0   0   0   0   0   0   0   0   0   0   0   0   0        
MF   -45   1   0   0   0   0   0   0   0   0   0   0   0   0   0   0   0        
MF   -47   1   0   0   0   0   0   0   0   0   0   0   0   0   0   0   0        
MF   -49   1   0   0   0   0   0   0   0   0   0   0   0   0   0   0   0        
MF   -51   1   0   0   0   0   0   0   0   0   0   0   0   0   0   0   0        
MF   -53   1   0   0   0   0   0   0   0   0   0   0   0   0   0   0   0        
MF   -55   1   0   0   0   0   0   0   0   0   0   0   0   0   0   0   0        
MF    83  31   0   0   0   0   0   0   0   0   0   0   0   0   0   0   0        
MF    81  31   0   0   0   0   0   0   0   0  11  11  11  11  11  11  11        
MF    79  31   0   0   0   0   0   0   0   0   0   0   0   0   0   0   0        
MF    77  31  12   0   0   0   0   0   0   0   0   0   0   0   0   0   0        
MF    75  31  12   0   0   0   0   0   0   0   0   0   0   0  11  11  11        
MF    73  31   0   0   0   0   0   0   0   0   0   0   0  11  11  11   0        
MF    71  31  11   0   0   0   0   0   0   0   0   0  11  11  11  11  11        
MF    69  31  11  11  11  11  11   0   0  11  11  11  11  11  11  11  11        
MF    67  31  11  11  11  11  11  11  11  11  11  11  11  11  11  11  11        
MF    65  31  12  12  12  11  11  11  11  12  12  11  11  11  11  11  13        
MF    63  31  12  12  12  12  11  12  12  12  12  12  11  11  11  11  13        
MF    61  31  12  12  12  12  12  12  12  12  12  12  12  12  11  12  21        
MF    59  31  21  12  12  12  12  12  12  12  12  12  12  12  12  12  22        
MF    57  31  21  12  12  12  12  12  12  12  12  21  13  13  12  13  21        
MF    55  31  21  12  12  12  12  12  12  12  12  21  12  12  13  21  22        
MF    53  31  21  12  12  12  12  12  12  12  12  13  13  11  11  21  21        
MF    51  31  21  12  12  12  12  12  12  12  22  13  13  22  13  13  13        
MF    49  31  12  11  11  11  11  11  12  13  23  23  23  31  23  23  23        
MF    47  31  11  11  11  11  11  11  21  22  31  23  23  33  31  31  31        
MF    45  31  11  11  11  12  12  11  21  23  31   0  23  33  33  33  31        
MF    43  31   0   0   0   0  22  12  22  23  23   0  23  33  33  33  33        
MF    41  31  22  22  22  22  22  22  22  23  23  23   0  33  33  32  33        
MF    39  31  23  23  23  23  23  31  23  23  23  23   0  33  41  41  41        
MF    37  31  23  23  23  31  31  23  31  23  23  23  23  33  32  33  32        
MF    35  31   0  22  23  33  42  32  32  32  23  32  31  32  32  32  32        
MF    33  31   0   0  23  32  42  42  41  23  31  32  32  32  32  31  31        
MF    31  31  42  32  32  32  42  42  42  41  32  22  32  32  32  32  32        
MF    29  31  32  32  32  33  43  43  42  42  32  32  32  32  32  32  31        
MF    27  31  33  32  31  31  42  41  42  41  41  33  33  32  32  33  32        
MF    25  31  41  32  23  31  31  33  41  41  41  41  42   0  42  31  32        
MF    23  31  41  31  23  32  31  33  33  33  42  41  42  42  41  31  31        
MF    21  31  33  32  31  23  32  31  33  42  42  41  42  42  42  32  32        
MF    19  31  41  32  31  23  41  31  32  43  43  42  42  41  33  32   0        
MF    17  31  33  22  31  23  33  31  31  43  41  33  33  33  32  32   0        
MF    15  31  33  21  23  23  32  23  33  41  33  32  32   0   0   0   0        
MF    13  31  32  21  23  22  32  23  23  33  32   0   0   0   0   0   0        
MF    11  31  23  21  31  21  22  31  33  33  32  32  32   0   0   0   0        
MF     9  31  31  21  31  21  22  32  33  33  33  32  32   0   0   0   0        
MF     7  31  22  21  23  23  21  32  31  32  32  23   0   0   0   0   0        
MF     5  31  21  21  21  31  31  23  23  32  31   0   0   0   0   0   0        
MF     3  31  22  21  22  22  22  22  22  31  22   0   0   0   0   0   0        
MF     1  31  23  22  21  23  22  22  21  22   0   0   0   0   0   0   0        
MF    -1  31  21  21  21  31  22  22  22   0   0   0   0   0   0   0   0        
MF    -3  31  22  21  23  31  22  13   0   0   0   0   0   0   0   0   0        
MF    -5  31  22  22  31  32  22   0   0   0   0   0   0   0   0   0   0        
MF    -7  31  31  31  31  32  23   0   0   0   0   0   0   0   0   0   0        
MF    -9  31  31  32  31  31  31  31   0   0   0   0   0   0   0   0   0        
MF   -11  31  32  32  31  31  31  31   0   0   0   0   0   0   0   0   0        
MF   -13  31  32  31  31  31  32  32   0   0  31  31   0   0   0   0   0        
MF   -15  31  32  31  31  31  31  32   0  32  32  31  31   0   0   0   0        
MF   -17  31  31  31  23  31  21   0   0  32  31  31   0   0   0   0   0        
MF   -19  31  31  31  31  31   0   0   0  31  32  31   0   0   0   0   0        
MF   -21  31  23  31  31   0   0   0  31  32  32  31   0   0   0   0   0        
MF   -23  31  23  31  31   0   0   0  31  32  31   0   0   0   0   0   0        
MF   -25  31  23  31  31   0   0   0  31  31  32   0   0   0   0   0   0        
MF   -27  31  23  31   0   0   0   0   0   0   0   0   0   0   0   0   0        
MF   -29  31  23  31   0   0   0   0   0   0   0   0   0   0   0   0   0        
MF   -31  31  23   0   0   0   0   0   0   0   0   0   0   0   0   0   0        
MF   -33  31   0   0   0   0   0   0   0   0   0   0   0   0   0   0   0        
MF   -35  31   0   0   0   0   0   0   0   0   0   0   0   0   0   0   0        
MF   -37  31   0   0   0   0   0   0   0   0   0   0   0   0   0   0   0        
MF   -39  31   0   0   0   0   0   0   0   0   0   0   0   0   0   0   0        
MF   -41  31   0   0   0   0   0   0   0   0   0   0   0   0   0   0   0        
MF   -43  31   0   0   0   0   0   0   0   0   0   0   0   0   0   0   0        
MF   -45  31   0   0   0   0   0   0   0   0   0   0   0   0   0   0   0        
MF   -47  31   0   0   0   0   0   0   0   0   0   0   0   0   0   0   0        
MF   -49  31   0   0   0   0   0   0   0   0   0   0   0   0   0   0   0        
MF   -51  31   0   0   0   0   0   0   0   0   0   0   0   0   0   0   0        
MF   -53  31   0   0   0   0   0   0   0   0   0   0   0   0   0   0   0        
MF   -55  31   0   0   0   0   0   0   0   0   0   0   0   0   0   0   0        
MF    83  61   0   0   0   0   0   0   0   0   0   0   0   0   0   0   0        
MF    81  61  11  11  11   0   0   0   0   0   0   0   0   0   0   0   0        
MF    79  61   0   0   0   0   0   0   0   0   0   0   0   0   0   0   0        
MF    77  61   0  11  22  22  22  22   0   0  22  22   0   0   0   0   0        
MF    75  61  11  11  11   0   0   0   0   0   0   0   0   0   0  12  12        
MF    73  61   0   0   0   0  11  11  11  11  11  11  11  11  11  11  11        
MF    71  61   0   0   0  11  11  11  11  11  11  11  11  11  11  11  11        
MF    69  61  11  11  11  11  11  11  11  11  11  11  11  11  11  11  11        
MF    67  61  11  13  12  11  11  11  11  11  11  11  11  11  11  11  12        
MF    65  61  21  12  11  11  11  11  11  11  11  11  11  11  11  11  12        
MF    63  61  11  11  11  12  12  12  11  11  11  11  11  11  11  12  12        
MF    61  61  12  12  12  12  11  12  11  11  11  11  11  11  11  12  12        
MF    59  61  12  12  12  12  11  12  12  11  11  11  11  12  12  12  12        
MF    57  61  13  12  12  11  12  11  11  13  12  12  12  12  13  12  21        
MF    55  61  13  12  11  13  13  13  13  12  21  23  21  21  21  13  21        
MF    53  61  11  13  13  12  13  13  21  22  21  21  11  11  13  22  22        
MF    51  61  21  22  23  21  21  23  23  23  23  22  12  21  22  22  22        
MF    49  61  31  31  31  23  31  23  23  22  22  23  22  22  22  22  22        
MF    47  61  32  33  32  31  23  23  23  23  23  23  23  23  23  23  32        
MF    45  61  33  33  33  32  31  32  31  33  41  31  23  23  33  41  41        
MF    43  61  33  33  33  33  32  31  31  23  23  23  23  23  23  23  32        
MF    41  61  32  33  33  33  31  31  31  23  23  23  33  41  33  33  31        
MF    39  61  33  33  33  33  23  23  22  23  32  41  41  42  33  33  33        
MF    37  61  33  33  33  32  32  31  23  22  23  31  32  32  31  23  22        
MF    35  61  32  32  31  31  31  31  31  23  23  22  22  22  22  22  22        
MF    33  61  31  31  32  31  23  23  23  23  22  22  23  22  22  22  22        
MF    31  61  31  33  41  32  23  23  31  31  31  23  23  22  22  22  22        
MF    29  61  32  33  33  32  23  31  33  32  32  31  22  23  22  23  23        
MF    27  61  32  31  32  32  32  33  33  32  32  31  31  31  31  31  21        
MF    25  61  32  31  32  23  32  41  32  23  31  31  31  31  23  31  21        
MF    23  61   0   0   0   0  11  23  22  13  13  13  22  22  21  21  21        
MF    21  61   0   0   0   0   0  23  21  12  12  11  22  22  21  21  21        
MF    19  61   0   0   0   0   0   0  22  11  11  11  22  22  21   0   0        
MF    17  61   0   0   0   0   0   0  22  12  11  12  21  21   0   0   0        
MF    15  61   0   0   0   0   0   0  22  22  13  13  21   0   0   0   0        
MF    13  61   0   0   0   0   0   0   0  22  22  22  22   0   0   0   0        
MF    11  61   0   0   0   0   0   0   0  22  22  22   0   0   0   0   0        
MF     9  61   0   0   0   0   0   0   0   0  22  22  22   0   0   0   0        
MF     7  61   0   0   0   0   0   0   0   0   0   0  22   0   0   0   0        
MF     5  61   0   0   0   0   0   0   0   0   0   0   0   0   0   0   0        
MF     3  61   0   0   0   0   0   0   0   0   0   0   0   0   0   0   0        
MF     1  61   0   0   0   0   0   0   0   0   0   0   0   0   0   0   0        
MF    -1  61   0   0   0   0   0   0   0   0   0   0   0   0   0   0   0        
MF    -3  61   0   0   0   0   0   0   0   0   0   0   0   0   0   0   0        
MF    -5  61   0   0   0   0   0   0   0   0   0   0   0   0   0   0   0        
MF    -7  61   0   0   0   0   0   0   0   0   0   0   0   0   0   0   0        
MF    -9  61   0   0   0   0   0   0   0   0   0   0   0   0   0   0   0        
MF   -11  61   0   0   0   0   0   0   0   0   0   0   0   0   0   0   0        
MF   -13  61   0   0   0   0   0   0   0   0   0   0   0   0   0   0   0        
MF   -15  61   0   0   0   0   0   0   0   0   0   0   0   0   0   0   0        
MF   -17  61   0   0   0   0   0   0   0   0   0   0   0   0   0   0   0        
MF   -19  61   0   0   0   0   0   0   0   0   0   0   0   0   0   0   0        
MF   -21  61   0   0   0   0   0   0   0   0   0   0   0   0   0   0   0        
MF   -23  61   0   0   0   0   0   0   0   0   0   0   0   0   0   0   0        
MF   -25  61   0   0   0   0   0   0   0   0   0   0   0   0   0   0   0        
MF   -27  61   0   0   0   0   0   0   0   0   0   0   0   0   0   0   0        
MF   -29  61   0   0   0   0   0   0   0   0   0   0   0   0   0   0   0        
MF   -31  61   0   0   0   0   0   0   0   0   0   0   0   0   0   0   0        
MF   -33  61   0   0   0   0   0   0   0   0   0   0   0   0   0   0   0        
MF   -35  61   0   0   0   0   0   0   0   0   0   0   0   0   0   0   0        
MF   -37  61   0   0   0   0   0   0   0   0   0   0   0   0   0   0   0        
MF   -39  61   0   0   0   0   0   0   0   0   0   0   0   0   0   0   0        
MF   -41  61   0   0   0   0   0   0   0   0   0   0   0   0   0   0   0        
MF   -43  61   0   0   0   0   0   0   0   0   0   0   0   0   0   0   0        
MF   -45  61   0   0   0   0   0   0   0   0   0   0   0   0   0   0   0        
MF   -47  61   0   0   0   0   0   0   0   0   0   0   0   0   0   0   0        
MF   -49  61   0   0   0   0  21   0   0   0   0   0   0   0   0   0   0        
MF   -51  61   0   0   0   0   0   0   0   0   0   0   0   0   0   0   0        
MF   -53  61   0   0   0   0   0   0   0   0   0   0   0   0   0   0   0        
MF   -55  61   0   0   0   0   0   0   0   0   0   0   0   0   0   0   0        
MF    83  91   0   0   0   0   0   0   0   0   0   0   0   0   0   0   0        
MF    81  91  22  22  22  22   0   0   0   0   0   0   0   0   0   0   0        
MF    79  91  22  22  22  13  13  13  13  13   0   0   0   0   0   0   0        
MF    77  91   0   0   0   0  12  12  13  13  13  13  13  13   0   0   0        
MF    75  91  13  13  13  13  13  13  13  13  13  13  13  13   0   0   0        
MF    73  91  11  11  11  11  11  11  11  11  11  11  11  11  11  11  11        
MF    71  91  12  12  12  12  12  12  13  13  13  13  13  13  12  11  12        
MF    69  91  21  22  22  22  22  21  11  11  11  11  13  13  13  21  13        
MF    67  91  21  22  22  22  22  21  13  21  21  13  13  21  21  11  11        
MF    65  91  21  13  13  12  21  21  22  22  22  22  12  13  12  12  13        
MF    63  91  21  22  22  13  13  13  13  13  12  12  12  12  12  21  22        
MF    61  91  13  13  21  12  12  12  12  12  12  12  12  12  12  12  12        
MF    59  91  13  21  21  13  12  12  12  13  22  13  13  21  22  21  21        
MF    57  91  11  21  21  12  12  12  13  22  21  22  22  22  22  22  22        
MF    55  91  11  21  21  22  13  12  13  21  21  22  22  22  22  22  22        
MF    53  91  13  21  21  22  22  22  21  21  22  21  22  22  22  22  22        
MF    51  91  22  22  22  22  22  22  21  22  22  22  22  23  13  22  13        
MF    49  91  23  23  23  23  23  23  22  22  22  22  13  21  23  22  21        
MF    47  91  23  23  23  23  23  23  22  22  22  22  23  23  23  22  13        
MF    45  91  23  23  23  23  23  23  23  23  23  23  23  23  23  23  23        
MF    43  91  23  23  23  22  23  23  23  23  23  23  23  22  23  23  23        
MF    41  91  32  23  23  21  32  32  32  21  21  22  13  23  31  13  13        
MF    39  91  32  31  23  23  23  32  33  33  23  23  21  31  21  12  13        
MF    37  91  22  31  31  23  23  23  21  32  32  23  22  22  13  13  12        
MF    35  91  22  23  23  23  23  22  23  23  22  21  22  22  11  12  12        
MF    33  91  22  23  23  23  31  22  22  22  21  22  22  13  11  11  11        
MF    31  91  22  23  23  23  23  22  22  21  13  21  21  13  13  13  13        
MF    29  91  23  23  21  21  31  22  21  21  21  21  21  21  21  13  13        
MF    27  91  21  13  13  13  21  21  21  21  21  21  21  21  13  13  21        
MF    25  91  21  21  21  21  21  21  13  21  13  13  21  21  13  13  21        
MF    23  91  21  21  22  13  13  13  13  13  13  13  13  13  13  13   0        
MF    21  91   0  21  22  13  13  13  13  13  12   0  13   0   0   0   0        
MF    19  91   0   0  21  13  13  13  13  13   0  13  13   0   0   0   0        
MF    17  91   0   0  21  13  21  21  22  22  13   0   0   0   0   0   0        
MF    15  91   0   0   0  13  13  21  22  22  22  13   0   0   0   0   0        
MF    13  91   0   0   0   0  13  21  22  21  22  13   0   0   0   0   0        
MF    11  91   0   0   0   0  21   0  22  12  13  13   0   0   0   0   0        
MF     9  91   0   0   0   0  22   0   0  12   0   0   0   0   0   0   0        
MF     7  91   0   0   0   0  22  22   0   0   0   0   0   0   0  13   0        
MF     5  91   0   0  12  13   0  21  13   0   0   0   0   0  13  13  22        
MF     3  91   0   0   0  13  22  12  13   0   0   0  13  13  13  13   0        
MF     1  91   0   0   0   0  22  12  11   0   0  13  13  13  13  21   0        
MF    -1  91   0   0   0   0   0  12  21  13   0  13  21  13  13  21  13        
MF    -3  91   0   0   0   0   0  12  21  12   0   0  21  22  12  21  13        
MF    -5  91   0   0   0   0   0   0  13  13  13  13  22   0   0   0  13        
MF    -7  91   0   0   0   0   0   0   0  13  13  13  22  22   0   0   0        
MF    -9  91   0   0   0   0   0   0   0   0   0   0   0   0   0   0   0        
MF   -11  91   0   0   0   0   0   0   0   0   0   0   0   0  22  21   0        
MF   -13  91   0   0   0   0   0   0   0   0   0   0   0   0   0   0   0        
MF   -15  91   0   0   0   0   0   0   0   0   0   0   0   0   0   0   0        
MF   -17  91   0   0   0   0   0   0   0   0   0   0   0   0   0   0   0        
MF   -19  91   0   0   0   0   0   0   0   0   0   0   0   0   0   0   0        
MF   -21  91   0   0   0   0   0   0   0   0   0   0   0  32  31  31  31        
MF   -23  91   0   0   0   0   0   0   0   0   0   0   0  32  32  22  23        
MF   -25  91   0   0   0   0   0   0   0   0   0   0   0  32  32  31  22        
MF   -27  91   0   0   0   0   0   0   0   0   0   0   0  32  23  31  21        
MF   -29  91   0   0   0   0   0   0   0   0   0   0   0   0  31  23  21        
MF   -31  91   0   0   0   0   0   0   0   0   0   0   0   0  31  31  22        
MF   -33  91   0   0   0   0   0   0   0   0   0   0   0   0  31  31  22        
MF   -35  91   0   0   0   0   0   0   0   0   0   0   0   0  31  23  22        
MF   -37  91   0   0   0   0   0   0   0   0   0   0   0   0   0   0   0        
MF   -39  91   0   0   0   0   0   0   0   0   0   0   0   0   0   0   0        
MF   -41  91   0   0   0   0   0   0   0   0   0   0   0   0   0   0   0        
MF   -43  91   0   0   0   0   0   0   0   0   0   0   0   0   0   0   0        
MF   -45  91   0   0   0   0   0   0   0   0   0   0   0   0   0   0   0        
MF   -47  91   0   0   0   0   0   0   0   0   0   0   0   0   0   0   0        
MF   -49  91   0   0   0   0   0   0   0   0   0   0   0   0   0   0   0        
MF   -51  91   0   0   0   0   0   0   0   0   0   0   0   0   0   0   0        
MF   -53  91   0   0   0   0   0   0   0   0   0   0   0   0   0   0   0        
MF   -55  91   0   0   0   0   0   0   0   0   0   0   0   0   0   0   0        
MF    83 121   0   0   0   0   0   0   0   0   0   0   0   0   0   0   0        
MF    81 121   0   0   0   0   0   0   0   0   0   0   0   0   0   0   0        
MF    79 121   0   0   0   0   0   0   0   0   0   0   0   0   0   0   0        
MF    77 121   0   0   0   0   0   0   0   0   0   0   0   0   0   0   0        
MF    75 121   0   0   0   0   0   0   0  13  13  13  42  13  11  11  11        
MF    73 121  11  12  11  11  11   0   0   0   0  11  11  11  11  11  11        
MF    71 121  12  13  12  22  22  21  12  12  11  11  11  11  11  11  11        
MF    69 121  21  12  11  22  22  22  13  12  21  22  13  12  13  12  12        
MF    67 121  12  11  11  22  22  22  12  12  13  22  21  21  21  21  13        
MF    65 121  13  13  12  22  21  22  22  22  22  22  22  22  22  22  21        
MF    63 121  21  21  13  21  21  13  13  21  21  22  22  22  22  22  22        
MF    61 121  12  12  12  21  12  21  21  13  21  22  22  22  22  22  22        
MF    59 121  21  21  13  13  12  12  21  13  22  22  21  13  22  21  22        
MF    57 121  22  22  22  22  22  22  22  22  22  22   0   0   0   0   0        
MF    55 121  22  22  22  21  22  22  21  21  22   0   0   0   0   0   0        
MF    53 121  22  22  21  12  12  13  22  21  21  21  12  12   0   0   0        
MF    51 121  22  22  13  13  13  22  22  21  13  21  12  13   0   0   0        
MF    49 121  21  22  12  13  13  13  21  12  22  22  12  22   0   0   0        
MF    47 121  11  11  11  12  21  12  12  22  22  22   0  22   0   0   0        
MF    45 121  13  21  12  12  13  21  21  22  22   0   0  21   0   0   0        
MF    43 121  13  21  12  12  21  22  22  22   0   0  22  13  13   0   0        
MF    41 121  13  22  22  22  22   0   0   0   0   0  22   0   0   0   0        
MF    39 121  13  22  22  22  22   0   0   0   0  22  22   0   0   0   0        
MF    37 121  22   0   0  22  22   0   0   0  21  22  21   0   0   0   0        
MF    35 121   0   0   0  21  22   0  13  13  13  21   0   0   0   0   0        
MF    33 121  12   0   0   0  13  13  13  13   0   0   0   0   0   0   0        
MF    31 121  13   0   0   0   0   0   0   0   0   0   0   0   0   0   0        
MF    29 121  21   0   0   0   0   0   0   0   0   0   0   0   0   0   0        
MF    27 121  21   0   0   0   0   0   0   0   0   0   0   0   0   0   0        
MF    25 121   0   0   0   0   0   0   0   0   0   0   0   0   0   0   0        
MF    23 121  13   0   0   0   0   0   0   0   0   0   0   0   0   0   0        
MF    21 121  13   0   0   0   0   0   0   0   0   0   0   0   0   0   0        
MF    19 121   0   0   0   0   0   0   0   0   0   0   0   0   0   0   0        
MF    17 121  13   0   0   0   0   0   0   0   0   0   0   0   0   0   0        
MF    15 121  13   0   0   0   0   0   0   0   0   0   0   0   0   0   0        
MF    13 121  13  13  13   0   0   0   0   0   0   0   0   0   0   0   0        
MF    11 121   0  13  13   0   0   0   0   0   0   0   0   0   0   0   0        
MF     9 121   0  13  13   0   0   0   0   0   0   0   0   0   0   0   0        
MF     7 121   0  13  13  13   0   0   0   0   0   0   0   0   0   0   0        
MF     5 121   0   0   0   0   0   0   0   0   0   0   0   0   0   0   0        
MF     3 121   0   0   0   0   0   0   0   0   0   0   0   0   0   0   0        
MF     1 121  13  13  13   0   0   0   0   0   0   0   0   0   0   0   0        
MF    -1 121  13  13   0   0   0  22  13  13  21  21   0   0   0   0   0        
MF    -3 121  13   0   0  13  22  22  13  21  21  21  13  13  21  13   0        
MF    -5 121  13  13   0   0   0   0   0  22  12  13  13  12  12  13  22        
MF    -7 121   0   0   0   0   0  22   0  22   0  12  13  22  13  21  21        
MF    -9 121   0  13  13  13   0   0   0   0  12  12  13  22   0  21  12        
MF   -11 121   0   0   0  22   0  22  21   0   0   0   0  22   0   0  21        
MF   -13 121   0   0   0  22  22  22  21  21  21   0  21  21   0   0   0        
MF   -15 121   0   0  21  21  22  21  22  21  21   0  21  21  21   0   0        
MF   -17 121   0  31  31  31  22  22  22  21  21  21  23  21  21  22   0        
MF   -19 121  31  31  31  32  23  22  31  31  21  31  23  22  21  23   0        
MF   -21 121  31  32  31  32  32  32  22  22  22  31  21  23  23  23  22        
MF   -23 121  31  32  32  32  32  31  22  22  22  31  23  23  23  23  22        
MF   -25 121  31  32  32  32  31  23  23  23  32  31  23  23  23  22  22        
MF   -27 121  22  31  22  22  22  23  21  31  33  32  23  22  21  22  22        
MF   -29 121  22  22  22  21  22  22  21  32  32  33  31  22  22  22  22        
MF   -31 121  21  21  22  31  21  22  21  22  33  22  23  21  22  22  22        
MF   -33 121  21  21  22  21   0   0  21  21  22  21  21  21  22  22  23        
MF   -35 121   0   0   0   0   0   0   0  21  22  21  21  21  22  23  22        
MF   -37 121   0   0   0   0   0   0   0   0   0   0  21  22  23  23  23        
MF   -39 121   0   0   0   0   0   0   0   0   0   0  21  23  23  22   0        
MF   -41 121   0   0   0   0   0   0   0   0   0   0   0   0  21  21  21        
MF   -43 121   0   0   0   0   0   0   0   0   0   0   0   0  21  21   0        
MF   -45 121   0   0   0   0   0   0   0   0   0   0   0   0   0   0   0        
MF   -47 121   0   0   0   0   0   0   0   0   0   0   0   0   0   0   0        
MF   -49 121   0   0   0   0   0   0   0   0   0   0   0   0   0   0   0        
MF   -51 121   0   0   0   0   0   0   0   0   0   0   0   0   0   0   0        
MF   -53 121   0   0   0   0   0   0   0   0   0   0   0   0   0   0   0        
MF   -55 121   0   0   0   0   0   0   0   0   0   0   0   0   0   0   0        
MF    83 151   0   0   0   0   0   0   0   0   0   0   0   0   0   0   0        
MF    81 151   0   0   0   0   0   0   0   0   0   0   0   0   0   0   0        
MF    79 151   0   0   0   0   0   0   0   0   0   0   0   0   0   0   0        
MF    77 151   0   0   0   0   0   0   0   0   0   0   0   0   0   0   0        
MF    75 151  11   0   0   0   0   0   0   0   0   0   0   0   0   0   0        
MF    73 151   0   0   0   0   0   0   0   0   0   0   0   0   0   0   0        
MF    71 151  11  11  11  11  11   0   0   0   0   0   0   0   0   0  21        
MF    69 151  11  12  11  11  11  11  21  22  21  12  12  22  22  21  22        
MF    67 151  12  13  21  21  22  21  13  21  21  22  22  13  22  21  21        
MF    65 151  13  21  22  22  22  22  22  22  22  21  12  11  11  11  21        
MF    63 151  22  22  22  22  22  13  12  21  13  13  22  22  21  21  21        
MF    61 151  22  22  22  22  21  22  12  21  22  22  22  21  21   0   0        
MF    59 151  22  22  22  11  22  21  12  12   0   0   0   0   0   0   0        
MF    57 151   0  22  22  11  22  12  11   0   0   0   0   0   0   0   0        
MF    55 151   0   0  11  13  12  13   0   0  12   0   0   0   0   0   0        
MF    53 151   0   0   0  21  12   0   0   0   0   0   0  12   0   0   0        
MF    51 151   0   0  22  12   0   0   0   0   0   0   0   0   0   0   0        
MF    49 151   0   0   0   0   0   0   0   0   0   0   0   0   0   0   0        
MF    47 151   0   0   0   0   0   0   0   0   0   0   0   0   0   0   0        
MF    45 151   0   0   0   0   0   0   0   0   0   0   0   0   0   0   0        
MF    43 151   0   0   0   0   0   0   0   0   0   0   0   0   0   0   0        
MF    41 151   0   0   0   0   0   0   0   0   0   0   0   0   0   0   0        
MF    39 151   0   0   0   0   0   0   0   0   0   0   0   0   0   0   0        
MF    37 151   0   0   0   0   0   0   0   0   0   0   0   0   0   0   0        
MF    35 151   0   0   0   0   0   0   0   0   0   0   0   0   0   0   0        
MF    33 151   0   0   0   0   0   0   0   0   0   0   0   0   0   0   0        
MF    31 151   0   0   0   0   0   0   0   0   0   0   0   0   0   0   0        
MF    29 151   0   0   0   0   0   0   0   0   0   0   0   0   0   0   0        
MF    27 151   0   0   0   0   0   0   0   0   0   0   0   0   0   0   0        
MF    25 151   0   0   0   0   0   0   0   0   0   0   0   0   0   0   0        
MF    23 151   0   0   0   0   0   0   0   0   0   0   0   0   0   0   0        
MF    21 151   0   0   0   0   0   0   0   0   0   0   0   0   0   0   0        
MF    19 151   0   0   0   0   0   0   0   0   0   0   0   0   0   0   0        
MF    17 151   0   0   0   0   0   0   0   0   0   0   0   0   0   0   0        
MF    15 151   0   0   0   0   0   0   0   0   0   0   0   0   0   0   0        
MF    13 151   0   0   0   0   0   0   0   0   0   0   0   0   0   0   0        
MF    11 151   0   0   0   0   0   0   0   0   0   0   0   0   0   0   0        
MF     9 151   0   0   0   0   0   0   0   0   0   0   0   0   0   0   0        
MF     7 151   0   0   0   0   0   0   0   0   0   0   0   0   0   0   0        
MF     5 151   0   0   0   0   0   0   0   0   0   0   0   0   0   0   0        
MF     3 151   0   0   0   0   0   0   0   0   0   0   0   0   0   0   0        
MF     1 151   0   0   0   0   0   0   0   0   0   0   0   0   0   0   0        
MF    -1 151   0   0   0   0   0   0   0   0   0   0   0   0   0   0   0        
MF    -3 151  22  21   0   0   0   0   0   0   0   0   0   0   0   0   0        
MF    -5 151  22  21  22   0   0   0   0   0   0   0   0   0   0   0   0        
MF    -7 151  12   0  22  22  22   0   0   0   0   0   0   0   0   0   0        
MF    -9 151  12  21   0  22  22   0   0   0   0   0   0   0   0   0   0        
MF   -11 151  21  21   0   0   0  21   0   0   0   0   0   0   0   0   0        
MF   -13 151   0   0   0   0   0   0   0   0   0   0   0   0   0   0   0        
MF   -15 151   0   0   0   0   0   0   0   0   0   0   0   0   0   0   0        
MF   -17 151   0   0   0   0   0   0   0   0   0   0   0   0   0  22  22        
MF   -19 151   0   0   0   0   0   0   0   0   0   0   0   0   0  22  22        
MF   -21 151   0   0   0   0   0   0   0  21  21   0   0   0   0   0   0        
MF   -23 151  22   0   0   0   0   0   0   0   0   0   0   0   0   0   0        
MF   -25 151  22  22   0   0   0   0   0   0   0   0   0   0   0   0   0        
MF   -27 151  22  22   0   0   0   0   0   0   0   0   0   0   0   0   0        
MF   -29 151  22  22   0   0   0   0   0   0   0   0   0   0   0   0   0        
MF   -31 151  23  22   0   0   0   0   0   0   0   0   0   0   0   0   0        
MF   -33 151  22  22   0   0   0   0   0   0   0   0   0   0   0   0   0        
MF   -35 151  22   0   0   0   0   0   0   0   0   0   0  13  13   0   0        
MF   -37 151  22   0   0   0   0   0   0   0   0   0   0   0  13  13  13        
MF   -39 151   0   0   0   0   0   0   0   0   0   0   0   0  13  13  13        
MF   -41 151   0   0   0   0   0   0   0   0   0   0  22  13  13  13   0        
MF   -43 151   0   0   0   0   0   0   0   0   0  22  22  13   0   0   0        
MF   -45 151   0   0   0   0   0   0   0   0  22  21  21   0   0   0   0        
MF   -47 151   0   0   0   0   0   0   0   0  22  21  21   0   0   0   0        
MF   -49 151   0   0   0   0   0   0   0   0   0   0   0   0   0   0   0        
MF   -51 151   0   0   0   0   0   0   0   0   0   0   0   0   0   0   0        
MF   -53 151   0   0   0   0   0   0   0   0   0   0   0   0   0   0   0        
MF   -55 151   0   0   0   0   0   0   0   0   0   0   0   0   0   0   0        
MF    83-179   0   0   0   0   0   0   0   0   0   0   0   0   0   0   0        
MF    81-179   0   0   0   0   0   0   0   0   0   0   0   0   0   0   0        
MF    79-179   0   0   0   0   0   0   0   0   0   0   0   0   0   0   0        
MF    77-179   0   0   0   0   0   0   0   0   0   0   0   0   0   0   0        
MF    75-179   0   0   0   0   0   0   0   0   0   0   0   0   0   0   0        
MF    73-179   0   0   0   0   0   0   0   0   0   0   0   0   0   0   0        
MF    71-179  13  13   0   0   0   0   0   0   0  11  11  11  11  11  11        
MF    69-179  13  13   0   0   0   0  11  11  11  11  22  22  22  22  22        
MF    67-179  13  13  13  13  13   0  11  22  11  11  11  22  11  11  11        
MF    65-179   0  13  13  13  13   0  11  22  22  11  11  11  11  11  11        
MF    63-179   0   0   0   0  13  11   0  11  11  11  11  22  22  11  12        
MF    61-179   0   0   0   0   0   0  11  11  11  11  22  22  22  22  12        
MF    59-179   0   0   0   0   0   0  11   0  11  11  22  11  22  22  22        
MF    57-179   0   0   0   0   0   0   0   0   0   0  22  11  22  22  22        
MF    55-179   0   0   0   0   0   0   0   0   0  11   0   0   0   0   0        
MF    53-179   0   0   0   0   0   0   0   0   0   0   0   0   0   0   0        
MF    51-179   0   0   0   0   0   0   0   0   0   0   0   0   0   0   0        
MF    49-179   0   0   0   0   0   0   0   0   0   0   0   0   0   0   0        
MF    47-179   0   0   0   0   0   0   0   0   0   0   0   0   0   0   0        
MF    45-179   0   0   0   0   0   0   0   0   0   0   0   0   0   0   0        
MF    43-179   0   0   0   0   0   0   0   0   0   0   0   0   0   0   0        
MF    41-179   0   0   0   0   0   0   0   0   0   0   0   0   0   0   0        
MF    39-179   0   0   0   0   0   0   0   0   0   0   0   0   0   0   0        
MF    37-179   0   0   0   0   0   0   0   0   0   0   0   0   0   0   0        
MF    35-179   0   0   0   0   0   0   0   0   0   0   0   0   0   0   0        
MF    33-179   0   0   0   0   0   0   0   0   0   0   0   0   0   0   0        
MF    31-179   0   0   0   0   0   0   0   0   0   0   0   0   0   0   0        
MF    29-179   0   0   0   0   0   0   0   0   0   0   0   0   0   0   0        
MF    27-179   0   0   0   0   0   0   0   0   0   0   0   0   0   0   0        
MF    25-179   0   0   0   0   0   0   0   0   0   0   0   0   0   0   0        
MF    23-179   0   0   0   0   0   0   0   0   0   0   0   0   0   0   0        
MF    21-179   0   0   0   0   0   0   0   0   0   0   0   0   0   0   0        
MF    19-179   0   0   0   0   0   0   0   0   0   0   0   0  22   0   0        
MF    17-179   0   0   0   0   0   0   0   0   0   0   0   0   0   0   0        
MF    15-179   0   0   0   0   0   0   0   0   0   0   0   0   0   0   0        
MF    13-179   0   0   0   0   0   0   0   0   0   0   0   0   0   0   0        
MF    11-179   0   0   0   0   0   0   0   0   0   0   0   0   0   0   0        
MF     9-179   0   0   0   0   0   0   0   0   0   0   0   0   0   0   0        
MF     7-179   0   0   0   0   0   0   0   0   0   0   0   0   0   0   0        
MF     5-179   0   0   0   0   0   0   0   0   0   0   0   0   0   0   0        
MF     3-179   0   0   0   0   0   0   0   0   0   0   0   0   0   0   0        
MF     1-179   0   0   0   0   0   0   0   0   0   0   0   0   0   0   0        
MF    -1-179   0   0   0   0   0   0   0   0   0   0   0   0   0   0   0        
MF    -3-179   0   0   0   0   0   0   0   0   0   0   0   0   0   0   0        
MF    -5-179   0   0   0   0   0   0   0   0   0   0   0   0   0   0   0        
MF    -7-179   0   0   0   0   0   0   0   0   0   0   0   0   0   0   0        
MF    -9-179   0   0   0   0   0   0   0   0   0   0   0   0   0   0   0        
MF   -11-179   0   0   0   0   0   0   0   0   0   0   0   0   0   0   0        
MF   -13-179   0   0   0   0   0   0   0   0   0   0   0   0   0   0   0        
MF   -15-179   0   0   0   0   0   0   0   0   0   0   0   0   0   0   0        
MF   -17-179   0   0   0   0   0   0   0   0   0   0   0   0   0   0   0        
MF   -19-179   0   0   0   0   0   0   0   0   0   0   0   0   0   0   0        
MF   -21-179   0   0   0   0   0   0   0   0   0   0   0   0   0   0   0        
MF   -23-179   0   0   0   0   0   0   0   0   0   0   0   0   0   0   0        
MF   -25-179   0   0   0   0   0   0   0   0   0   0   0   0   0   0   0        
MF   -27-179   0   0   0   0   0   0   0   0   0   0   0   0   0   0   0        
MF   -29-179   0   0   0   0   0   0   0   0   0   0   0   0   0   0   0        
MF   -31-179   0   0   0   0   0   0   0   0   0   0   0   0   0   0   0        
MF   -33-179   0   0   0   0   0   0   0   0   0   0   0   0   0   0   0        
MF   -35-179   0   0   0   0   0   0   0   0   0   0   0   0   0   0   0        
MF   -37-179   0   0   0   0   0   0   0   0   0   0   0   0   0   0   0        
MF   -39-179   0   0   0   0   0   0   0   0   0   0   0   0   0   0   0        
MF   -41-179   0   0   0   0   0   0   0   0   0   0   0   0   0   0   0        
MF   -43-179   0   0   0   0   0   0   0   0   0   0   0   0   0   0   0        
MF   -45-179   0   0   0   0   0   0   0   0   0   0   0   0   0   0   0        
MF   -47-179   0   0   0   0   0   0   0   0   0   0   0   0   0   0   0        
MF   -49-179   0   0   0   0   0   0   0   0   0   0   0   0   0   0   0        
MF   -51-179   0   0   0   0   0   0   0   0   0   0   0   0   0   0   0        
MF   -53-179   0   0   0   0   0   0   0   0   0   0   0   0   0   0   0        
MF   -55-179   0   0   0   0   0   0   0   0   0   0   0   0   0   0   0        
MF    83-149   0   0   0   0   0   0   0   0   0   0   0   0   0   0   0        
MF    81-149   0   0   0   0   0   0   0   0   0   0   0   0   0   0   0        
MF    79-149   0   0   0   0   0   0   0   0   0   0   0   0   0   0   0        
MF    77-149   0   0   0   0   0   0   0   0   0   0   0   0   0  12  12        
MF    75-149   0   0   0   0   0   0   0   0   0   0   0   0  12  12  12        
MF    73-149   0   0   0   0   0   0   0   0   0   0   0   0  12  12  12        
MF    71-149  11  11  11  11   0   0   0   0   0   0  12  12  12  12  12        
MF    69-149  22  22  22  12  12  12  12  11  12  12  11  11  11  11  12        
MF    67-149  11  11  11  11  11  12  12  12  11  11  11  11  11  11  11        
MF    65-149  11  11  11  12  11  12  12  12  12  12  12  12  11  11  11        
MF    63-149  22  22  22  12  11  12  12  12  12  12  12  12  12  11  11        
MF    61-149  22  22  22  12  12  12  12  12  12  12  12  12  12  11  11        
MF    59-149  22   0   0   0  12  12  12  12  12  12  12  12  12  12  11        
MF    57-149   0   0   0   0   0   0   0  12  12  12  12  21  21  21  12        
MF    55-149   0   0   0   0   0   0   0   0  12  12  12  21  21  21  12        
MF    53-149   0   0   0   0   0   0   0   0  12   0  12  21  21  21  21        
MF    51-149   0   0   0   0   0   0   0   0   0   0   0  21  21  21  21        
MF    49-149   0   0   0   0   0   0   0   0   0   0   0  21  22  22  22        
MF    47-149   0   0   0   0   0   0   0   0   0   0   0   0  22  22  22        
MF    45-149   0   0   0   0   0   0   0   0   0   0   0   0  22  22  22        
MF    43-149   0   0   0   0   0   0   0   0   0   0   0   0  22  21  22        
MF    41-149   0   0   0   0   0   0   0   0   0   0   0   0  22  21  22        
MF    39-149   0   0   0   0   0   0   0   0   0   0   0   0   0  21  22        
MF    37-149   0   0   0   0   0   0   0   0   0   0   0   0   0  22  22        
MF    35-149   0   0   0   0   0   0   0   0   0   0   0   0   0   0  22        
MF    33-149   0   0   0   0   0   0   0   0   0   0   0   0   0   0   0        
MF    31-149   0   0   0   0   0   0   0   0   0   0   0   0   0   0   0        
MF    29-149   0   0   0   0   0   0   0   0   0   0   0   0   0   0   0        
MF    27-149   0   0   0   0   0   0   0   0   0   0   0   0   0   0   0        
MF    25-149   0   0   0   0   0   0   0   0   0   0   0   0   0   0   0        
MF    23-149   0   0   0   0   0   0   0   0   0   0   0   0   0   0   0        
MF    21-149   0   0   0   0   0   0   0   0   0   0   0   0   0   0   0        
MF    19-149   0   0   0   0   0   0   0   0   0   0   0   0   0   0   0        
MF    17-149   0   0   0   0   0   0   0   0   0   0   0   0   0   0   0        
MF    15-149   0   0   0   0   0   0   0   0   0   0   0   0   0   0   0        
MF    13-149   0   0   0   0   0   0   0   0   0   0   0   0   0   0   0        
MF    11-149   0   0   0   0   0   0   0   0   0   0   0   0   0   0   0        
MF     9-149   0   0   0   0   0   0   0   0   0   0   0   0   0   0   0        
MF     7-149   0   0   0   0   0   0   0   0   0   0   0   0   0   0   0        
MF     5-149   0   0   0   0   0   0   0   0   0   0   0   0   0   0   0        
MF     3-149   0   0   0   0   0   0   0   0   0   0   0   0   0   0   0        
MF     1-149   0   0   0   0   0   0   0   0   0   0   0   0   0   0   0        
MF    -1-149   0   0   0   0   0   0   0   0   0   0   0   0   0   0   0        
MF    -3-149   0   0   0   0   0   0   0   0   0   0   0   0   0   0   0        
MF    -5-149   0   0   0   0   0   0   0   0   0   0   0   0   0   0   0        
MF    -7-149   0   0   0   0   0   0   0   0   0   0   0   0   0   0   0        
MF    -9-149   0   0   0   0   0   0   0   0   0   0   0   0   0   0   0        
MF   -11-149   0   0   0   0   0   0   0   0   0   0   0   0   0   0   0        
MF   -13-149   0   0   0   0   0   0   0   0   0   0   0   0   0   0   0        
MF   -15-149   0   0   0   0   0   0   0   0   0   0   0   0   0   0   0        
MF   -17-149   0   0   0   0   0   0   0   0   0   0   0   0   0   0   0        
MF   -19-149   0   0   0   0   0   0   0   0   0   0   0   0   0   0   0        
MF   -21-149   0   0   0   0   0   0   0   0   0   0   0   0   0   0   0        
MF   -23-149   0   0   0   0   0   0   0   0   0   0   0   0   0   0   0        
MF   -25-149   0   0   0   0   0   0   0   0   0   0   0   0   0   0   0        
MF   -27-149   0   0   0   0   0   0   0   0   0   0   0   0   0   0   0        
MF   -29-149   0   0   0   0   0   0   0   0   0   0   0   0   0   0   0        
MF   -31-149   0   0   0   0   0   0   0   0   0   0   0   0   0   0   0        
MF   -33-149   0   0   0   0   0   0   0   0   0   0   0   0   0   0   0        
MF   -35-149   0   0   0   0   0   0   0   0   0   0   0   0   0   0   0        
MF   -37-149   0   0   0   0   0   0   0   0   0   0   0   0   0   0   0        
MF   -39-149   0   0   0   0   0   0   0   0   0   0   0   0   0   0   0        
MF   -41-149   0   0   0   0   0   0   0   0   0   0   0   0   0   0   0        
MF   -43-149   0   0   0   0   0   0   0   0   0   0   0   0   0   0   0        
MF   -45-149   0   0   0   0   0   0   0   0   0   0   0   0   0   0   0        
MF   -47-149   0   0   0   0   0   0   0   0   0   0   0   0   0   0   0        
MF   -49-149   0   0   0   0   0   0   0   0   0   0   0   0   0   0   0        
MF   -51-149   0   0   0   0   0   0   0   0   0   0   0   0   0   0   0        
MF   -53-149   0   0   0   0   0   0   0   0   0   0   0   0   0   0   0        
MF   -55-149   0   0   0   0   0   0   0   0   0   0   0   0   0   0   0        
MF    83-119   0   0   0   0   0   0   0   0   0   0   0   0   0   0   0        
MF    81-119   0   0   0   0   0   0   0   0   0   0  12   0  12  12  12        
MF    79-119   0   0   0  12  12  12   0  12  12  12  12  12  12  12  12        
MF    77-119  12  12  12  12  12  12  12  12  12  12  12  12  12  12  12        
MF    75-119  12  12  12  12  12  12  12  12  12  12  12  12  12  12  12        
MF    73-119  12  12  12  12  12  12  12  12  12  12  12  12  12  12  12        
MF    71-119  12  12  12  12  12  12  12  12  12  12  12  12  12  12  12        
MF    69-119  12  12  12  12  12  12  12  12  12  12  12  12  12  12  12        
MF    67-119  11  11  11  11  11  11  11  11  11  11  11  11  11  12  12        
MF    65-119  11  11  11  11  11  11  11  11  11  11  11  11  11  12  12        
MF    63-119  11  11  11  11  11  11  11  11  11  11  11  11  11  12  12        
MF    61-119  11  11  11  11  11  11  11  11  11  11  11  11  11  12   0        
MF    59-119  11  11  11  11  11  11  11  11  11  11  11  11  11  11   0        
MF    57-119  12  12  12  12  12  12  12  12  12  12  12  12  11  11  11        
MF    55-119  12  12  12  12  12  12  12  12  12  12  12  12  11  11  11        
MF    53-119  21  21  21  21  21  21  21  21  21  21  21  12  11  12  11        
MF    51-119  21  21  21  21  21  22  21  21  21  21  21  12  12  12  12        
MF    49-119  22  22  22  22  22  22  22  22  22  22  22  22  11  12  22        
MF    47-119  32  23  23  23  23  23  32  23  22  22  22  22  22  22  22        
MF    45-119  32  23  23  23  23  23  23  23  22  23  22  22  12  22  22        
MF    43-119  23  23  31  23  21  23  32  23  32  33  32  31  31  12  22        
MF    41-119  32  32  31  33  22  32  32  23  22  31  22  22  12  12  23        
MF    39-119  23  32  32  32  22  31  22  23  22  22  22  21  12  23  23        
MF    37-119  23  23  32  32  31  31  23  23  22  22  22  21  23  13  13        
MF    35-119  32  32  32  32  31  31  23  23  22  22  22  21  13  13  11        
MF    33-119   0  31  31  32  32  32  33  32  23  31  21  21  13  21  11        
MF    31-119   0  31  31  32  33  33  33  32  32  31  23  23  22  13  11        
MF    29-119   0   0  32  32  33  33  32  32  32  31  23  22  12  12  12        
MF    27-119   0   0  32  32  33  33  32  23  32  32  31  22   0   0   0        
MF    25-119   0   0   0   0  33  33  32  23  32  32  31  22   0   0   0        
MF    23-119   0   0   0   0  33  33  33  22  32  32  23  22   0   0   0        
MF    21-119   0   0   0   0   0   0   0  23  23  32  31  23   0   0  22        
MF    19-119   0   0   0   0   0   0   0  22  22  32  23  31  22  22  22        
MF    17-119   0   0   0   0   0   0   0   0   0  31  23  23  22  13  13        
MF    15-119   0   0   0   0   0   0   0   0   0  23   0   0   0  13  13        
MF    13-119   0   0   0   0   0   0   0   0   0   0   0   0   0   0   0        
MF    11-119   0   0   0   0   0   0   0   0   0   0   0   0   0   0   0        
MF     9-119   0   0   0   0   0   0   0   0   0   0   0   0   0   0   0        
MF     7-119   0   0   0   0   0   0   0   0   0   0   0   0   0   0   0        
MF     5-119   0   0   0   0   0   0   0   0   0   0   0   0   0   0   0        
MF     3-119   0   0   0   0   0   0   0   0   0   0   0   0   0   0   0        
MF     1-119   0   0   0   0   0   0   0   0   0   0   0   0   0   0   0        
MF    -1-119   0   0   0   0   0   0   0   0   0   0   0   0   0   0   0        
MF    -3-119   0   0   0   0   0   0   0   0   0   0   0   0   0   0   0        
MF    -5-119   0   0   0   0   0   0   0   0   0   0   0   0   0   0   0        
MF    -7-119   0   0   0   0   0   0   0   0   0   0   0   0   0   0   0        
MF    -9-119   0   0   0   0   0   0   0   0   0   0   0   0   0   0   0        
MF   -11-119   0   0   0   0   0   0   0   0   0   0   0   0   0   0   0        
MF   -13-119   0   0   0   0   0   0   0   0   0   0   0   0   0   0   0        
MF   -15-119   0   0   0   0   0   0   0   0   0   0   0   0   0   0   0        
MF   -17-119   0   0   0   0   0   0   0   0   0   0   0   0   0   0   0        
MF   -19-119   0   0   0   0   0   0   0   0   0   0   0   0   0   0   0        
MF   -21-119   0   0   0   0   0   0   0   0   0   0   0   0   0   0   0        
MF   -23-119   0   0   0   0   0   0   0   0   0   0   0   0   0   0   0        
MF   -25-119   0   0   0   0   0   0   0   0   0   0   0   0   0   0   0        
MF   -27-119   0   0   0   0   0   0   0   0   0   0   0   0   0   0   0        
MF   -29-119   0   0   0   0   0   0   0   0   0   0   0   0   0   0   0        
MF   -31-119   0   0   0   0   0   0   0   0   0   0   0   0   0   0   0        
MF   -33-119   0   0   0   0   0   0   0   0   0   0   0   0   0   0   0        
MF   -35-119   0   0   0   0   0   0   0   0   0   0   0   0   0   0   0        
MF   -37-119   0   0   0   0   0   0   0   0   0   0   0   0   0   0   0        
MF   -39-119   0   0   0   0   0   0   0   0   0   0   0   0   0   0   0        
MF   -41-119   0   0   0   0   0   0   0   0   0   0   0   0   0   0   0        
MF   -43-119   0   0   0   0   0   0   0   0   0   0   0   0   0   0   0        
MF   -45-119   0   0   0   0   0   0   0   0   0   0   0   0   0   0   0        
MF   -47-119   0   0   0   0   0   0   0   0   0   0   0   0   0   0   0        
MF   -49-119   0   0   0   0   0   0   0   0   0   0   0   0   0   0   0        
MF   -51-119   0   0   0   0   0   0   0   0   0   0   0   0   0   0   0        
MF   -53-119   0   0   0   0   0   0   0   0   0   0   0   0   0   0   0        
MF   -55-119   0   0   0   0   0   0   0   0   0   0   0   0   0   0   0        
MF    83 -89   0  12  12  12  12  12  12  12  12  12  12  12  12  12  12        
MF    81 -89  12  12  12  12  12  12  12  12  12  12  12  12  12  12  12        
MF    79 -89  12  12  12  12  12  22  22  22  22  22  22  22  22  12  12        
MF    77 -89  12  12  12  12  12  22   0   0   0  22  22  22  22  12  12        
MF    75 -89  12  12  12  12  12  22   0   0   0   0   0   0   0   0   0        
MF    73 -89  12  12  12  12  12  11  13  22   0   0   0   0   0   0   0        
MF    71 -89  12  12  12  12  12  11  13  22  22  22  22  22   0   0   0        
MF    69 -89  12  12  12  12  12  11  11  22  22  22  22  22   0   0   0        
MF    67 -89  12  12  12  12  12   0  11  13  13  21  21  13  22  12  12        
MF    65 -89  12  12  12  12  12   0  11  11  11  13  21  12  22  12   0        
MF    63 -89   0  12  12  12  12  11  11  11  11  11  11  21  22   0   0        
MF    61 -89   0   0   0   0   0  11  11  11  11  11  11   0  22   0   0        
MF    59 -89   0   0   0   0   0  11  11  11  11  11  11  11  11  22   0        
MF    57 -89  11  11   0   0   0   0  11  11  11  11  11  11  11  22  22        
MF    55 -89  11  11  11  11   0  11  12  11  12  11  11  11  11  12  12        
MF    53 -89  12  11  11  11  11  11  12  12  12  12  12  12  12  12  12        
MF    51 -89  12  12  12  11  11  12  12  12  12  12  12  12  12  12  12        
MF    49 -89  22  22  22  12  12  21  21  12  13  13  12  12  12  12   0        
MF    47 -89  12  11  12  12  12  21  21  12  21  13  12  12  12  12  12        
MF    45 -89  12  12  12  12  12  21  21  21  21  21  12  12  12  12  12        
MF    43 -89  22  22  22  22  12  21  21  21  21  22   0   0  12   0   0        
MF    41 -89  12  22  22  23  22  21  21  21  22   0   0   0   0   0   0        
MF    39 -89  23  22  22  22  23  21  21  21   0   0   0   0   0   0   0        
MF    37 -89  11  13  22  13  22  21  21  21   0   0   0   0   0   0   0        
MF    35 -89  22  13  22  22  13  21  21  21   0   0   0   0   0   0   0        
MF    33 -89  22  13  13  13  11  22   0   0   0   0   0   0   0   0   0        
MF    31 -89  13  13  13  13  11   0   0   0   0   0   0   0   0   0   0        
MF    29 -89  12   0  11  11  11   0   0   0   0   0   0   0   0   0   0        
MF    27 -89   0   0   0  12  12   0   0   0   0   0   0   0   0   0   0        
MF    25 -89   0   0   0   0  13   0   0   0   0   0   0   0   0   0   0        
MF    23 -89   0   0   0  22  22  22   0   0   0   0   0   0   0   0   0        
MF    21 -89  22  22   0  22  22  22  22  22   0   0   0   0   0   0   0        
MF    19 -89  22  22   0   0   0  22  22  22   0  22  22  22   0   0   0        
MF    17 -89  22   0   0   0   0   0   0   0   0   0   0   0   0   0   0        
MF    15 -89  13  13  13  22   0   0   0   0   0   0   0   0   0   0   0        
MF    13 -89  13  13  13  22   0   0   0   0   0  21   0   0   0   0   0        
MF    11 -89   0  21  13  22   0   0   0  21  21  22  21  21  21  21  21        
MF     9 -89   0   0  13  13  21  21  21  21  12  22  31  31  22  31  12        
MF     7 -89   0   0   0   0  21   0  21  21  12  12  31  31  21  21  21        
MF     5 -89   0   0   0   0   0   0  21  21  21  21  31  21  21  21  21        
MF     3 -89   0   0   0   0   0  21  13  13  21  21  31  21  21  21  21        
MF     1 -89   0   0   0   0   0  21  21  21  21  21  22  21  21  21  21        
MF    -1 -89   0   0   0   0  33  22  21  21  22  22  21  21  21  21  21        
MF    -3 -89   0   0   0   0  33  22  21  21  22  22  21  21  21  21  21        
MF    -5 -89   0   0   0   0  33  31  21  21  22  22  21  21  21  21  21        
MF    -7 -89   0   0   0   0  33  32  21  21  22  22  21  21  21  21  21        
MF    -9 -89   0   0   0   0   0  32  21  21  21  21  21  21  21  21  21        
MF   -11 -89   0   0   0   0   0   0  21  21  21  21  21  21  21  21  21        
MF   -13 -89   0   0   0   0   0   0  22  22  21  21  21  13  11  12  13        
MF   -15 -89   0   0   0   0   0   0  32  31  31  21  21  13  13  21  21        
MF   -17 -89   0   0   0   0   0   0   0   0  32  31  31  13  13  12  12        
MF   -19 -89   0   0   0   0   0   0   0   0   0  32  31  31  23  12  12        
MF   -21 -89   0   0   0   0   0   0   0   0   0  32  31  33  23  22  23        
MF   -23 -89   0   0   0   0   0   0   0   0   0  23  32  23  21  22  22        
MF   -25 -89   0   0   0   0   0   0   0   0   0  23  23  23  23  22  22        
MF   -27 -89   0   0   0   0   0   0   0   0   0  23  23  23  23  22  13        
MF   -29 -89   0   0   0   0   0   0   0   0   0  23  23  22  22  22  22        
MF   -31 -89   0   0   0   0   0   0   0   0   0  23  32  31  22  22  12        
MF   -33 -89   0   0   0   0   0   0   0   0   0  23  32  32  22  12  12        
MF   -35 -89   0   0   0   0   0   0   0   0  23  23  32  23  21  12  12        
MF   -37 -89   0   0   0   0   0   0   0   0  23  23  32  23  22  12  12        
MF   -39 -89   0   0   0   0   0   0   0   0  23  23  32  32  22  22  11        
MF   -41 -89   0   0   0   0   0   0   0   0  22  22  23  32  22  22   0        
MF   -43 -89   0   0   0   0   0   0   0  21  21  21  23  23  22  22   0        
MF   -45 -89   0   0   0   0   0   0  21  21  21  21  23  23  23   0   0        
MF   -47 -89   0   0   0   0   0   0   0  21  21  21  23  23  23   0   0        
MF   -49 -89   0   0   0   0   0   0   0  21  21  22  23  23   0   0   0        
MF   -51 -89   0   0   0   0   0   0   0  21  21  21  22   0   0   0  21        
MF   -53 -89   0   0   0   0   0   0   0  21  21  11  11  11   0   0  21        
MF   -55 -89   0   0   0   0   0   0   0   0  21  21  21  11  11   0   0        
MF    83 -59   0  12  12  12  12  12  12  12  12  12  12  12  12  12  12        
MF    81 -59  12  12  12  12  12  12  12  12  12  12  12  12  12  12  12        
MF    79 -59  12  12  12  12  12  12  12  12  12  12  12  12  12  12  12        
MF    77 -59  12  12  12  12  12  12  12  12  12  12  12  12  12  12  12        
MF    75 -59  12  12  12  12  12  12  12  12  12  12  12  12  12  12  12        
MF    73 -59   0   0  12  12  12  12  12  12  12  12  12  12  12  12  12        
MF    71 -59   0   0  12  12  12  12  12  12  12  12  12  12  12  12  12        
MF    69 -59   0   0  12  12  12  12  12  12  12  12  12  12  12  12  12        
MF    67 -59   0   0   0  12  12  12  12  12  12  12  12  12  12  12   0        
MF    65 -59   0   0   0  12  12  12  12  12  12  12  12  12   0   0   0        
MF    63 -59   0   0   0   0  12  12  12  12  12  12   0   0   0   0   0        
MF    61 -59   0   0   0   0   0  12  12  12  12   0   0   0   0   0   0        
MF    59 -59   0   0   0   0   0   0   0   0   0   0   0   0   0   0   0        
MF    57 -59   0   0   0   0   0   0   0   0   0   0   0   0   0   0   0        
MF    55 -59  12  12   0   0   0   0   0   0   0   0   0   0   0   0   0        
MF    53 -59  12  12   0   0   0   0   0   0   0   0   0   0   0   0   0        
MF    51 -59  12  12  12   0   0   0   0   0   0   0   0   0   0   0   0        
MF    49 -59  12  12  12  12   0   0   0   0   0   0   0   0   0   0   0        
MF    47 -59  12  12  12  12   0   0   0   0   0   0   0   0   0   0   0        
MF    45 -59   0   0   0   0   0   0   0   0   0   0   0   0   0   0   0        
MF    43 -59   0   0   0   0   0   0   0   0   0   0   0   0   0   0   0        
MF    41 -59   0   0   0   0   0   0   0   0   0   0   0   0   0   0   0        
MF    39 -59   0   0   0   0   0   0   0   0   0   0   0   0   0   0   0        
MF    37 -59   0   0   0   0   0   0   0   0   0   0   0   0   0   0   0        
MF    35 -59   0   0   0   0   0   0   0   0   0   0   0   0   0   0   0        
MF    33 -59   0   0   0   0   0   0   0   0   0   0   0   0   0   0   0        
MF    31 -59   0   0   0   0   0   0   0   0   0   0   0   0   0   0   0        
MF    29 -59   0   0   0   0   0   0   0   0   0   0   0   0   0   0   0        
MF    27 -59   0   0   0   0   0   0   0   0   0   0   0   0   0   0   0        
MF    25 -59   0   0   0   0   0   0   0   0   0   0   0   0   0   0   0        
MF    23 -59   0   0   0   0   0   0   0   0   0   0   0   0   0   0   0        
MF    21 -59   0   0   0   0   0   0   0   0   0   0   0   0   0   0   0        
MF    19 -59   0   0   0   0   0   0   0   0   0   0   0   0   0   0   0        
MF    17 -59   0   0   0   0   0   0   0   0   0   0   0   0   0   0   0        
MF    15 -59   0   0   0   0   0   0   0   0   0   0   0   0   0   0   0        
MF    13 -59   0   0   0   0   0   0   0   0   0   0   0   0   0   0   0        
MF    11 -59   0   0   0   0   0   0   0   0   0   0   0   0   0   0   0        
MF     9 -59  12   0   0   0   0   0   0   0   0   0   0   0   0   0   0        
MF     7 -59  21  21   0   0   0   0   0   0   0   0   0   0   0   0   0        
MF     5 -59  21  21  21  21  21   0   0   0   0   0   0   0   0   0   0        
MF     3 -59  21  21  21  21  21   0   0   0   0   0   0   0   0   0   0        
MF     1 -59  21  21  21  21  21   0   0   0   0   0   0   0   0   0   0        
MF    -1 -59  21  21  12  12  12  12  12  12   0   0   0   0   0   0   0        
MF    -3 -59  21  21  21  21  21  13  13  21  21  22  22   0   0   0   0        
MF    -5 -59  21  21  21  21  21  13  22  23  22  22  22  22  22   0   0        
MF    -7 -59  21  21  21  21  21  13  23  31  22  22  22  22  22   0   0        
MF    -9 -59  21  21  21  21  21  21  23  31  22  22  22  22  21   0   0        
MF   -11 -59  21  21  13  21  21  21  23  31  22  22  22  21   0   0   0        
MF   -13 -59  21  21  21  21  21  21  23  22  22  22  21  21   0   0   0        
MF   -15 -59  21  21  21  21  21  23  23  31  22  22  21   0   0   0   0        
MF   -17 -59  12  12  12  31  31  31  31  31  31  21  21   0   0   0   0        
MF   -19 -59  12  11  12  31  31  31  31  31  21  21  21   0   0   0   0        
MF   -21 -59  13  23  31  31  22  21  21  21  21  21   0   0   0   0   0        
MF   -23 -59  12  31  23  21  13  13  21  21  21  21   0   0   0   0   0        
MF   -25 -59  12  31  21  21  13  21  21   0   0   0   0   0   0   0   0        
MF   -27 -59  12  23  23  21  13  21   0   0   0   0   0   0   0   0   0        
MF   -29 -59  13  13  31  31  13  12   0   0   0   0   0   0   0   0   0        
MF   -31 -59  13  13  13  13  12   0   0   0   0   0   0   0   0   0   0        
MF   -33 -59  13  13  13  11   0   0   0   0   0   0   0   0   0   0   0        
MF   -35 -59  12  12  11  11   0   0   0   0   0   0   0   0   0   0   0        
MF   -37 -59  12  12   0   0   0   0   0   0   0   0   0   0   0   0   0        
MF   -39 -59  11  11   0   0   0   0   0   0   0   0   0   0   0   0   0        
MF   -41 -59   0   0   0   0   0   0   0   0   0   0   0   0   0   0   0        
MF   -43 -59   0   0   0   0   0   0   0   0   0   0   0   0   0   0   0        
MF   -45 -59   0   0   0   0   0   0   0   0   0   0   0   0   0   0   0        
MF   -47 -59   0   0   0   0   0   0   0   0   0   0   0   0   0   0   0        
MF   -49 -59   0   0   0   0   0   0   0   0   0   0   0   0   0   0   0        
MF   -51 -59  21  21   0   0   0   0   0   0   0   0   0   0   0   0   0        
MF   -53 -59  21   0   0   0   0   0   0   0   0   0   0   0   0   0   0        
MF   -55 -59   0   0   0   0   0   0   0   0   0   0   0   0   0   0   0        
MF    83 -29  12  12  12  12  12   0   0   0   0   0   0   0   0   0   0        
MF    81 -29  12  12  12  12  12  12  12   0   0   0   0   0   0   0   0        
MF    79 -29  12  12  12  12  12  12   0   0   0   0   0   0   0   0   0        
MF    77 -29  12  12  12  12  12  12   0   0   0   0   0   0   0   0   0        
MF    75 -29  12  12  12  12  12  12  12   0   0   0   0   0   0   0   0        
MF    73 -29  12  12  12  12  12   0   0   0   0   0   0   0   0   0   0        
MF    71 -29  12  12  12  12  12   0   0   0   0   0   0   0   0   0   0        
MF    69 -29  12  12  12  12   0   0   0   0   0   0   0   0   0   0   0        
MF    67 -29   0   0   0  11  11  11  11  11   0   0   0   0   0   0   0        
MF    65 -29   0   0  12  11  11  11  11  11  11   0   0   0   0   0   0        
MF    63 -29   0   0   0  11  11  11  11   0   0   0   0   0   0   0   0        
MF    61 -29   0   0   0   0   0   0   0   0   0   0   0   0   0   0   0        
MF    59 -29   0   0   0   0   0   0   0   0   0   0   0   0  22  22   0        
MF    57 -29   0   0   0   0   0   0   0   0   0   0   0   0  22  22   0        
MF    55 -29   0   0   0   0   0   0   0   0   0   0  22  22  22  22  22        
MF    53 -29   0   0   0   0   0   0   0   0   0   0  22  22  22  22  22        
MF    51 -29   0   0   0   0   0   0   0   0   0   0  22   0  22  22  22        
MF    49 -29   0   0   0   0   0   0   0   0   0   0   0   0  22  22  22        
MF    47 -29   0   0   0   0   0   0   0   0   0   0   0   0   0  22  22        
MF    45 -29   0   0   0   0   0   0   0   0   0   0   0   0   0   0  21        
MF    43 -29   0   0   0   0   0   0   0   0   0   0  22  22  22  22  22        
MF    41 -29   0   0   0   0   0   0   0   0   0   0  22  22  22  22  22        
MF    39 -29   0   0   0   0   0   0   0   0   0   0  21  21  21  21  21        
MF    37 -29   0   0   0   0   0   0   0   0   0   0  21  21  21  21  21        
MF    35 -29   0   0   0   0   0   0   0   0   0   0   0  21  21  22  22        
MF    33 -29   0   0   0   0   0   0   0   0   0   0  23  21  21  23  31        
MF    31 -29   0   0   0   0   0   0   0   0   0   0  21  21  21  31  32        
MF    29 -29   0   0   0   0   0   0   0   0  41  32  23  31  32  33  33        
MF    27 -29   0   0   0   0   0   0   0  42  41  31  33  33  32  41  41        
MF    25 -29   0   0   0   0   0   0   0  42  33  42  41  41  33  41  41        
MF    23 -29   0   0   0   0   0   0  41  41  41  42  42  41  41  41  42        
MF    21 -29   0   0   0   0   0   0  41  33  33  43  51  42  42  42  41        
MF    19 -29   0   0   0   0   0   0  41  41  33  43  51  41  42  41  41        
MF    17 -29   0   0   0   0   0   0  33  33  33  41  43  41  41  33  33        
MF    15 -29   0   0   0   0   0   0  32  33  32  31  23  33  33  33  33        
MF    13 -29   0   0   0   0   0   0  32  32  23  23  22  31  31  31  31        
MF    11 -29   0   0   0   0   0   0   0  23  22  22  22  23  23  23  23        
MF     9 -29   0   0   0   0   0   0   0   0  22  22  22  23  23  23  23        
MF     7 -29   0   0   0   0   0   0   0   0  22  22  21  22  21  22  22        
MF     5 -29   0   0   0   0   0   0   0   0   0   0  21  22  22  22  22        
MF     3 -29   0   0   0   0   0   0   0   0   0   0   0   0   0   0   0        
MF     1 -29   0   0   0   0   0   0   0   0   0   0   0   0   0   0   0        
MF    -1 -29   0   0   0   0   0   0   0   0   0   0   0   0   0   0   0        
MF    -3 -29   0   0   0   0   0   0   0   0   0   0   0   0   0   0   0        
MF    -5 -29   0   0   0   0   0   0   0   0   0   0   0   0   0   0   0        
MF    -7 -29   0   0   0   0   0   0   0   0   0   0   0   0   0   0   0        
MF    -9 -29   0   0   0   0   0   0   0   0   0   0   0   0   0   0   0        
MF   -11 -29   0   0   0   0   0   0   0   0   0   0   0   0   0   0   0        
MF   -13 -29   0   0   0   0   0   0   0   0   0   0   0   0   0   0   0        
MF   -15 -29   0   0   0   0   0   0   0   0   0   0   0   0   0   0   0        
MF   -17 -29   0   0   0   0   0   0   0   0   0   0   0   0   0   0   0        
MF   -19 -29   0   0   0   0   0   0   0   0   0   0   0   0   0   0   0        
MF   -21 -29   0   0   0   0   0   0   0   0   0   0   0   0   0   0   0        
MF   -23 -29   0   0   0   0   0   0   0   0   0   0   0   0   0   0   0        
MF   -25 -29   0   0   0   0   0   0   0   0   0   0   0   0   0   0   0        
MF   -27 -29   0   0   0   0   0   0   0   0   0   0   0   0   0   0   0        
MF   -29 -29   0   0   0   0   0   0   0   0   0   0   0   0   0   0   0        
MF   -31 -29   0   0   0   0   0   0   0   0   0   0   0   0   0   0   0        
MF   -33 -29   0   0   0   0   0   0   0   0   0   0   0   0   0   0   0        
MF   -35 -29   0   0   0   0   0   0   0   0   0   0   0   0   0   0   0        
MF   -37 -29   0   0   0   0   0   0   0   0   0   0   0   0   0   0   0        
MF   -39 -29   0   0   0   0   0   0   0   0   0   0   0   0   0   0   0        
MF   -41 -29   0   0   0   0   0   0   0   0   0   0   0   0   0   0   0        
MF   -43 -29   0   0   0   0   0   0   0   0   0   0   0   0   0   0   0        
MF   -45 -29   0   0   0   0   0   0   0   0   0   0   0   0   0   0   0        
MF   -47 -29   0   0   0   0   0   0   0   0   0   0   0   0   0   0   0        
MF   -49 -29   0   0   0   0   0   0   0   0   0   0   0   0   0   0   0        
MF   -51 -29   0   0   0   0   0   0   0   0   0   0   0   0   0   0   0        
MF   -53 -29   0   0   0   0   0   0   0   0   0   0   0   0   0   0   0        
MF   -55 -29   0   0   0   0   0   0   0   0   0   0   0   0   0   0   0        
