MG    83   1   0   0   0   0   0   0   0   0   0   0   0   0   0   0   0        
MG    81   1   0   0   0   0   0   0   0   0   0  11  11  11  11  11   0        
MG    79   1   0   0   0   0   0  32  32  32  21  21  21  21  21  12   0        
MG    77   1   0   0   0   0   0   0   0  32   0  12  12  12  12  12  12        
MG    75   1   0   0   0   0   0   0   0   0  12  12  12  12  12  12  12        
MG    73   1   0   0   0   0   0   0   0   0   0   0   0   0   0   0   0        
MG    71   1   0   0   0   0   0   0   0   0   0   0   0  11  11  11  11        
MG    69   1   0   0   0   0   0   0   0  21  22  22  11  11  11  11  11        
MG    67   1   0   0   0   0   0   0  22  12  22  21  11  11  11  11  11        
MG    65   1   0   0   0   0   0  22  22  12  12  12  12  12  12  12  12        
MG    63   1   0   0   0  22  22  22  21  12  12  12  12  12  12  12  12        
MG    61   1   0   0  22  22  22  21  21  12  12  12  12  12  12  12  12        
MG    59   1   0   0  22  22  22  12  21  12  21  22  21  21  21  21  21        
MG    57   1   0   0   0   0  22  22  22  22  22  22  21  21  21  21  21        
MG    55   1   0   0   0   0  22  22  22  22  22  22  22  21  21  21  21        
MG    53   1  22   0  21  21  22  22  22  22  22  22  22  22  22  22  22        
MG    51   1  22  22  22  22  22  22  22  22  22  22  22  22  22  22  22        
MG    49   1  22  22  22  22  22  21  22  13  22  22  22  22  22  12  12        
MG    47   1  22  22  22  22  22  22  22  22  22  22  13  22  13  21  11        
MG    45   1  22  22  22  22  22  22  22  22  21  22  13  22  21  21  11        
MG    43   1  22  22  22  22  22  21  21  21  21  21  22  22  21  22  21        
MG    41   1  22  22   0   0  22   0  21  22  21  21  22  22  21  22  23        
MG    39   1  22  22   0   0  22   0  21  22  21  21  21  22   0  22  23        
MG    37   1  21  21  21  21  31  32  21  22   0   0  21  22   0  22  23        
MG    35   1  23  23  31  31  32  33   0   0   0   0   0  22  21   0   0        
MG    33   1  41  41  41  41  42  41  41  41   0   0  42  42   0   0   0        
MG    31   1  43  43  43  43  43  41  42  43  33  42  42  12  33  43  42        
MG    29   1  41  33  43  42  33  41  41  31  33  43  42  43  41  41  41        
MG    27   1  33  33  22  32  33  41  33  33  22  43  42  42  42  43  42        
MG    25   1  23  32  31  23  31  32  51  31  43  43  43  33  33  42  42        
MG    23   1  32  33  31  31  42  33  41  23  43  31  41  41  41  42  43        
MG    21   1  33  41  42  41  42  43  32  31  31  33  42  43  42  51  42        
MG    19   1  33  41  42  33  23  51  51  51  43  41  33  32  51  51  42        
MG    17   1  33  41  42  41  43  51  51  51  51  51  33  41  51  51  42        
MG    15   1  33  33  33  41  43  42  43  42  42  33  32  33  33  41  33        
MG    13   1  31  31  33  33  41  41  32  32  33  32  31  31  33  32  33        
MG    11   1  21  22  32  31  31  32  31  31  31  23  31  22  31  31  23        
MG     9   1  22  21  22  21  31  23  23  23  23  31  23  22  22  31  31        
MG     7   1  22  21  21  21  23  52  22  22  23  23  22  21  22  23  23        
MG     5   1  12   0  12  12  31  52  12  21  22  22  22  12  22  22  22        
MG     3   1   0   0   0   0  22  22  12  21  21  21  21  21  21  22  22        
MG     1   1   0   0   0   0  21  22  22  21  12  12  12  12  21  12  31        
MG    -1   1   0   0   0   0  12  22  22  21  12  12  12  21  21  22  32        
MG    -3   1   0   0   0   0  21  22  22  21  22  12  21  21  21  22  32        
MG    -5   1   0   0   0   0   0  12  22  21  22  22  21  22  12  22  22        
MG    -7   1   0   0   0   0   0   0  21  21  22  22  22  22  22  22  22        
MG    -9   1   0   0   0   0   0   0  21  21  22  22  22  22  23  23  23        
MG   -11   1   0   0   0   0   0   0  23  23  31  31  31  31  31  31  31        
MG   -13   1   0   0   0   0   0   0  42  32  31  31  31  32  31  31  31        
MG   -15   1   0   0   0   0   0  43  42  32  31  32  31  31  31  31  31        
MG   -17   1   0   0   0   0   0  43  42  51  43  31  31  31  31  31  32        
MG   -19   1   0   0   0   0   0  22  22  21  33  31  32  31  32  31  31        
MG   -21   1   0   0   0   0   0   0  42  41  31  32  32  32  32  31  23        
MG   -23   1   0   0   0   0   0   0   0  43  31  32  32  32  32  23  23        
MG   -25   1   0   0   0   0   0   0   0  43  41  32  32  32  32  23  23        
MG   -27   1   0   0   0   0   0   0   0  43  42  32  32  32  31  23  23        
MG   -29   1   0   0   0   0   0   0   0   0  41  42  32  31  23  31  31        
MG   -31   1   0   0   0   0   0   0   0   0  42  42  31  31  31  23  31        
MG   -33   1   0   0   0   0   0   0   0   0  42  33  31  23  31  31  31        
MG   -35   1   0   0   0   0   0   0   0   0   0  33  32  32  32   0   0        
MG   -37   1   0   0   0   0   0   0   0   0   0   0   0   0   0   0   0        
MG   -39   1   0   0   0   0   0   0   0   0   0   0   0   0   0   0   0        
MG   -41   1   0   0   0   0   0   0   0   0   0   0   0   0   0   0   0        
MG   -43   1   0   0   0   0   0   0   0   0   0   0   0   0   0   0   0        
MG   -45   1   0   0   0   0   0   0   0   0   0   0   0   0   0   0   0        
MG   -47   1   0   0   0   0   0   0   0   0   0   0   0   0   0   0   0        
MG   -49   1   0   0   0   0   0   0   0   0   0   0   0   0   0   0   0        
MG   -51   1   0   0   0   0   0   0   0   0   0   0   0   0   0   0   0        
MG   -53   1   0   0   0   0   0   0   0   0   0   0   0   0   0   0   0        
MG   -55   1   0   0   0   0   0   0   0   0   0   0   0   0   0   0   0        
MG    83  31   0   0   0   0   0   0   0   0   0   0   0   0   0   0   0        
MG    81  31   0   0   0   0   0   0   0   0  11  11  11  11  11  11  11        
MG    79  31   0   0   0   0   0   0   0   0   0   0   0   0   0   0   0        
MG    77  31  12   0   0   0   0   0   0   0   0   0   0   0   0   0   0        
MG    75  31  12   0   0   0   0   0   0   0   0   0   0   0  11  11  11        
MG    73  31   0   0   0   0   0   0   0   0   0   0   0  11  11  11   0        
MG    71  31  11   0   0   0   0   0   0   0   0   0  11  11  11  11  11        
MG    69  31  11  11  11  11  11   0   0  11  11  11  11  11  11  11  11        
MG    67  31  11  11  11  11  11  11  11  11  11  11  11  11  11  11  11        
MG    65  31  12  12  12  11  11  11  11  12  12  11  11  11  11  11  13        
MG    63  31  12  12  12  12  11  12  12  12  12  12  11  11  11  11  13        
MG    61  31  12  12  12  12  12  12  12  12  12  12  12  12  11  12  21        
MG    59  31  21  12  12  12  12  12  12  12  12  12  12  12  12  12  22        
MG    57  31  21  12  12  12  12  12  12  12  12  21  13  13  12  13  21        
MG    55  31  21  12  12  12  12  12  12  12  12  21  12  12  13  21  22        
MG    53  31  21  12  12  12  12  12  12  12  12  13  13  11  11  21  21        
MG    51  31  21  12  12  12  12  12  12  12  22  13  13  22  13  13  13        
MG    49  31  12  11  11  11  11  11  12  13  23  23  23  31  23  23  23        
MG    47  31  11  11  11  11  11  11  21  22  31  23  23  33  31  31  31        
MG    45  31  11  11  11  12  12  11  21  23  31   0  23  33  33  33  31        
MG    43  31   0   0   0   0  22  12  22  23  23   0  23  33  33  33  33        
MG    41  31  22  22  22  22  22  22  22  23  23  23   0  33  33  32  33        
MG    39  31  23  23  23  23  23  31  23  23  23  23   0  33  41  41  41        
MG    37  31  23  23  23  31  31  23  31  23  23  23  23  33  32  33  32        
MG    35  31   0  22  23  33  42  32  32  32  23  32  31  32  32  32  32        
MG    33  31   0   0  23  32  42  42  41  23  31  32  32  32  32  31  31        
MG    31  31  42  32  32  32  42  42  42  41  32  22  32  32  32  32  32        
MG    29  31  32  32  32  33  43  43  42  42  32  32  32  32  32  32  31        
MG    27  31  33  32  31  31  42  41  42  41  41  33  33  32  32  33  32        
MG    25  31  41  32  23  31  31  33  41  41  41  41  42   0  42  31  32        
MG    23  31  41  31  23  32  31  33  33  33  42  41  42  42  41  31  31        
MG    21  31  33  32  31  23  32  31  33  42  42  41  42  42  42  32  32        
MG    19  31  41  32  31  23  41  31  32  43  43  42  42  41  33  32   0        
MG    17  31  33  22  31  23  33  31  31  43  41  33  33  33  32  32   0        
MG    15  31  33  21  23  23  32  23  33  41  33  32  32   0   0   0   0        
MG    13  31  32  21  23  22  32  23  23  33  32   0   0   0   0   0   0        
MG    11  31  23  21  31  21  22  31  33  33  32  32  32   0   0   0   0        
MG     9  31  31  21  31  21  22  32  33  33  33  32  32   0   0   0   0        
MG     7  31  22  21  23  23  21  32  31  32  32  23   0   0   0   0   0        
MG     5  31  21  21  21  31  31  23  23  21  31   0   0   0   0   0   0        
MG     3  31  22  21  22  22  22  22  22  31  22   0   0   0   0   0   0        
MG     1  31  23  22  21  23  22  22  21  22   0   0   0   0   0   0   0        
MG    -1  31  21  21  21  31  22  22  22   0   0   0   0   0   0   0   0        
MG    -3  31  22  21  23  31  22  13   0   0   0   0   0   0   0   0   0        
MG    -5  31  22  22  31  32  22   0   0   0   0   0   0   0   0   0   0        
MG    -7  31  31  31  31  32  23   0   0   0   0   0   0   0   0   0   0        
MG    -9  31  31  32  31  31  31  31   0   0   0   0   0   0   0   0   0        
MG   -11  31  32  32  31  31  31  31   0   0   0   0   0   0   0   0   0        
MG   -13  31  32  31  31  31  32  32   0   0  31  31   0   0   0   0   0        
MG   -15  31  32  31  31  31  31  32   0  32  32  31  31   0   0   0   0        
MG   -17  31  31  31  23  31  21   0   0  32  31  31   0   0   0   0   0        
MG   -19  31  31  31  31  31   0   0   0  31  32  31   0   0   0   0   0        
MG   -21  31  23  31  31   0   0   0  31  32  32  31   0   0   0   0   0        
MG   -23  31  23  31  31   0   0   0  31  32  31   0   0   0   0   0   0        
MG   -25  31  23  31  31   0   0   0  31  31  32   0   0   0   0   0   0        
MG   -27  31  23  31   0   0   0   0   0   0   0   0   0   0   0   0   0        
MG   -29  31  23  31   0   0   0   0   0   0   0   0   0   0   0   0   0        
MG   -31  31  23   0   0   0   0   0   0   0   0   0   0   0   0   0   0        
MG   -33  31   0   0   0   0   0   0   0   0   0   0   0   0   0   0   0        
MG   -35  31   0   0   0   0   0   0   0   0   0   0   0   0   0   0   0        
MG   -37  31   0   0   0   0   0   0   0   0   0   0   0   0   0   0   0        
MG   -39  31   0   0   0   0   0   0   0   0   0   0   0   0   0   0   0        
MG   -41  31   0   0   0   0   0   0   0   0   0   0   0   0   0   0   0        
MG   -43  31   0   0   0   0   0   0   0   0   0   0   0   0   0   0   0        
MG   -45  31   0   0   0   0   0   0   0   0   0   0   0   0   0   0   0        
MG   -47  31   0   0   0   0   0   0   0   0   0   0   0   0   0   0   0        
MG   -49  31   0   0   0   0   0   0   0   0   0   0   0   0   0   0   0        
MG   -51  31   0   0   0   0   0   0   0   0   0   0   0   0   0   0   0        
MG   -53  31   0   0   0   0   0   0   0   0   0   0   0   0   0   0   0        
MG   -55  31   0   0   0   0   0   0   0   0   0   0   0   0   0   0   0        
MG    83  61   0   0   0   0   0   0   0   0   0   0   0   0   0   0   0        
MG    81  61  11  11  11   0   0   0   0   0   0   0   0   0   0   0   0        
MG    79  61   0   0   0   0   0   0   0   0   0   0   0   0   0   0   0        
MG    77  61   0  11  22  22  22  22   0   0  22  22   0   0   0   0   0        
MG    75  61  11  11  11   0   0   0   0   0   0   0   0   0   0  12  12        
MG    73  61   0   0   0   0  11  11  11  11  11  11  11  11  11  11  11        
MG    71  61   0   0   0  11  11  11  11  11  11  11  11  11  11  11  11        
MG    69  61  11  11  11  11  11  11  11  11  11  11  11  11  11  11  11        
MG    67  61  11  13  12  11  11  11  11  11  11  11  11  11  11  11  12        
MG    65  61  21  12  11  11  11  11  11  11  11  11  11  11  11  11  12        
MG    63  61  11  11  11  12  12  12  11  11  11  11  11  11  11  12  12        
MG    61  61  12  12  12  12  11  12  11  11  11  11  11  11  11  12  12        
MG    59  61  12  12  12  12  11  12  12  11  11  11  11  12  12  12  12        
MG    57  61  13  12  12  11  12  11  11  13  12  12  12  12  13  12  21        
MG    55  61  13  12  11  13  13  13  13  12  21  23  21  21  21  13  21        
MG    53  61  11  13  13  12  13  13  21  22  21  21  11  11  13  22  22        
MG    51  61  21  22  23  21  21  23  23  23  23  22  12  21  22  22  22        
MG    49  61  31  31  31  23  31  23  23  22  22  23  22  22  22  22  22        
MG    47  61  32  33  32  31  23  23  23  23  23  23  23  23  23  23  32        
MG    45  61  33  33  33  32  31  32  31  33  41  31  23  23  33  41  41        
MG    43  61  33  33  33  33  32  31  31  23  23  23  23  23  23  23  32        
MG    41  61  32  33  33  33  31  31  31  23  23  23  33  41  33  33  31        
MG    39  61  33  33  33  33  23  23  22  23  32  41  41  42  33  33  33        
MG    37  61  33  33  33  32  32  31  23  22  23  31  32  32  31  23  22        
MG    35  61  32  32  31  31  31  31  31  23  23  22  22  22  22  22  22        
MG    33  61  31  31  32  31  23  23  23  23  22  22  23  22  22  22  22        
MG    31  61  31  33  41  32  23  23  31  31  31  23  23  22  22  22  22        
MG    29  61  32  33  33  32  23  31  33  32  32  31  22  23  22  23  23        
MG    27  61  32  31  32  32  32  33  33  32  32  31  31  31  31  31  21        
MG    25  61  32  31  32  23  32  41  32  23  31  31  31  31  23  31  21        
MG    23  61   0   0   0   0  11  23  22  13  13  13  22  22  21  21  21        
MG    21  61   0   0   0   0   0  23  21  12  12  11  22  22  21  21  21        
MG    19  61   0   0   0   0   0   0  22  11  11  11  22  22  21   0   0        
MG    17  61   0   0   0   0   0   0  22  12  11  12  21  21   0   0   0        
MG    15  61   0   0   0   0   0   0  22  22  13  13  21   0   0   0   0        
MG    13  61   0   0   0   0   0   0   0  22  22  22  22   0   0   0   0        
MG    11  61   0   0   0   0   0   0   0  22  22  22   0   0   0   0   0        
MG     9  61   0   0   0   0   0   0   0   0  22  22  22   0   0   0   0        
MG     7  61   0   0   0   0   0   0   0   0   0   0  22   0   0   0   0        
MG     5  61   0   0   0   0   0   0   0   0   0   0   0   0   0   0   0        
MG     3  61   0   0   0   0   0   0   0   0   0   0   0   0   0   0   0        
MG     1  61   0   0   0   0   0   0   0   0   0   0   0   0   0   0   0        
MG    -1  61   0   0   0   0   0   0   0   0   0   0   0   0   0   0   0        
MG    -3  61   0   0   0   0   0   0   0   0   0   0   0   0   0   0   0        
MG    -5  61   0   0   0   0   0   0   0   0   0   0   0   0   0   0   0        
MG    -7  61   0   0   0   0   0   0   0   0   0   0   0   0   0   0   0        
MG    -9  61   0   0   0   0   0   0   0   0   0   0   0   0   0   0   0        
MG   -11  61   0   0   0   0   0   0   0   0   0   0   0   0   0   0   0        
MG   -13  61   0   0   0   0   0   0   0   0   0   0   0   0   0   0   0        
MG   -15  61   0   0   0   0   0   0   0   0   0   0   0   0   0   0   0        
MG   -17  61   0   0   0   0   0   0   0   0   0   0   0   0   0   0   0        
MG   -19  61   0   0   0   0   0   0   0   0   0   0   0   0   0   0   0        
MG   -21  61   0   0   0   0   0   0   0   0   0   0   0   0   0   0   0        
MG   -23  61   0   0   0   0   0   0   0   0   0   0   0   0   0   0   0        
MG   -25  61   0   0   0   0   0   0   0   0   0   0   0   0   0   0   0        
MG   -27  61   0   0   0   0   0   0   0   0   0   0   0   0   0   0   0        
MG   -29  61   0   0   0   0   0   0   0   0   0   0   0   0   0   0   0        
MG   -31  61   0   0   0   0   0   0   0   0   0   0   0   0   0   0   0        
MG   -33  61   0   0   0   0   0   0   0   0   0   0   0   0   0   0   0        
MG   -35  61   0   0   0   0   0   0   0   0   0   0   0   0   0   0   0        
MG   -37  61   0   0   0   0   0   0   0   0   0   0   0   0   0   0   0        
MG   -39  61   0   0   0   0   0   0   0   0   0   0   0   0   0   0   0        
MG   -41  61   0   0   0   0   0   0   0   0   0   0   0   0   0   0   0        
MG   -43  61   0   0   0   0   0   0   0   0   0   0   0   0   0   0   0        
MG   -45  61   0   0   0   0   0   0   0   0   0   0   0   0   0   0   0        
MG   -47  61   0   0   0   0   0   0   0   0   0   0   0   0   0   0   0        
MG   -49  61   0   0   0   0  21   0   0   0   0   0   0   0   0   0   0        
MG   -51  61   0   0   0   0   0   0   0   0   0   0   0   0   0   0   0        
MG   -53  61   0   0   0   0   0   0   0   0   0   0   0   0   0   0   0        
MG   -55  61   0   0   0   0   0   0   0   0   0   0   0   0   0   0   0        
MG    83  91   0   0   0   0   0   0   0   0   0   0   0   0   0   0   0        
MG    81  91  22  22  22  22   0   0   0   0   0   0   0   0   0   0   0        
MG    79  91  22  22  22  13  13  13  13  13   0   0   0   0   0   0   0        
MG    77  91   0   0   0   0  12  12  13  13  13  13  13  13   0   0   0        
MG    75  91  13  13  13  13  13  13  13  13  13  13  13  13   0   0   0        
MG    73  91  11  11  11  11  11  11  11  11  11  11  11  11  11  11  11        
MG    71  91  12  12  12  12  12  12  13  13  13  13  13  13  12  11  12        
MG    69  91  21  22  22  22  22  21  11  11  11  11  13  13  13  21  13        
MG    67  91  21  22  22  22  22  21  13  21  21  13  13  21  21  11  11        
MG    65  91  21  13  13  12  21  21  22  22  22  22  12  13  12  12  13        
MG    63  91  21  22  22  13  13  13  13  13  12  12  12  12  12  21  22        
MG    61  91  13  13  21  12  12  12  12  12  12  12  12  12  12  12  12        
MG    59  91  13  21  21  13  12  12  12  13  22  13  13  21  22  21  21        
MG    57  91  11  21  21  12  12  12  13  22  21  22  22  22  22  22  22        
MG    55  91  11  21  21  22  13  12  13  21  21  22  22  22  22  22  22        
MG    53  91  13  21  21  22  22  22  21  21  22  21  22  22  22  22  22        
MG    51  91  22  22  22  22  22  22  21  22  22  22  22  23  13  22  13        
MG    49  91  23  23  23  23  23  23  22  22  22  22  13  21  23  22  21        
MG    47  91  23  23  23  23  23  23  22  22  22  22  23  23  23  22  13        
MG    45  91  23  23  23  23  23  23  23  23  23  23  23  23  23  23  23        
MG    43  91  23  23  23  22  23  23  23  23  23  23  23  22  23  23  23        
MG    41  91  32  23  23  21  32  32  32  21  21  22  13  23  31  13  13        
MG    39  91  32  31  23  23  23  32  33  33  23  23  21  31  21  12  13        
MG    37  91  22  31  31  23  23  23  21  32  32  23  22  22  13  13  12        
MG    35  91  22  23  23  23  23  22  23  23  22  21  22  22  11  12  12        
MG    33  91  22  23  23  44  31  22  22  22  21  22  22  13  11  11  11        
MG    31  91  22  23  23  23  23  22  22  21  13  21  21  13  13  13  13        
MG    29  91  23  23  21  21  31  22  21  21  21  21  21  21  21  13  13        
MG    27  91  21  13  13  13  21  21  21  21  21  21  21  21  13  13  21        
MG    25  91  21  21  21  21  21  21  13  21  13  13  21  21  13  13  21        
MG    23  91  21  21  22  13  13  13  13  13  13  13  13  13  13  13   0        
MG    21  91   0  21  22  13  13  13  13  13  12   0  13   0   0   0   0        
MG    19  91   0   0  21  13  13  13  13  13   0  13  13   0   0   0   0        
MG    17  91   0   0  21  13  21  21  22  22  13   0   0   0   0   0   0        
MG    15  91   0   0   0  13  13  21  22  22  22  13   0   0   0   0   0        
MG    13  91   0   0   0   0  13  21  22  21  22  13   0   0   0   0   0        
MG    11  91   0   0   0   0  21   0  22  12  13  13   0   0   0   0   0        
MG     9  91   0   0   0   0  22   0   0  12   0   0   0   0   0   0   0        
MG     7  91   0   0   0   0  22  22   0   0   0   0   0   0   0  13   0        
MG     5  91   0   0  12  13   0  21  13   0   0   0   0   0  13  13  22        
MG     3  91   0   0   0  13  22  12  13   0   0   0  13  13  13  13   0        
MG     1  91   0   0   0   0  22  12  11   0   0  13  13  13  13  21   0        
MG    -1  91   0   0   0   0   0  12  21  13   0  13  21  13  13  21  13        
MG    -3  91   0   0   0   0   0  12  21  12   0   0  21  22  12  21  13        
MG    -5  91   0   0   0   0   0   0  13  13  13  13  22   0   0   0  13        
MG    -7  91   0   0   0   0   0   0   0  13  13  13  22  22   0   0   0        
MG    -9  91   0   0   0   0   0   0   0   0   0   0   0   0   0   0   0        
MG   -11  91   0   0   0   0   0   0   0   0   0   0   0   0  22  21   0        
MG   -13  91   0   0   0   0   0   0   0   0   0   0   0   0   0   0   0        
MG   -15  91   0   0   0   0   0   0   0   0   0   0   0   0   0   0   0        
MG   -17  91   0   0   0   0   0   0   0   0   0   0   0   0   0   0   0        
MG   -19  91   0   0   0   0   0   0   0   0   0   0   0   0   0   0   0        
MG   -21  91   0   0   0   0   0   0   0   0   0   0   0  32  31  31  31        
MG   -23  91   0   0   0   0   0   0   0   0   0   0   0  32  32  22  23        
MG   -25  91   0   0   0   0   0   0   0   0   0   0   0  32  32  31  22        
MG   -27  91   0   0   0   0   0   0   0   0   0   0   0  32  23  31  21        
MG   -29  91   0   0   0   0   0   0   0   0   0   0   0   0  31  23  21        
MG   -31  91   0   0   0   0   0   0   0   0   0   0   0   0  31  31  22        
MG   -33  91   0   0   0   0   0   0   0   0   0   0   0   0  31  31  22        
MG   -35  91   0   0   0   0   0   0   0   0   0   0   0   0  31  23  22        
MG   -37  91   0   0   0   0   0   0   0   0   0   0   0   0   0   0   0        
MG   -39  91   0   0   0   0   0   0   0   0   0   0   0   0   0   0   0        
MG   -41  91   0   0   0   0   0   0   0   0   0   0   0   0   0   0   0        
MG   -43  91   0   0   0   0   0   0   0   0   0   0   0   0   0   0   0        
MG   -45  91   0   0   0   0   0   0   0   0   0   0   0   0   0   0   0        
MG   -47  91   0   0   0   0   0   0   0   0   0   0   0   0   0   0   0        
MG   -49  91   0   0   0   0   0   0   0   0   0   0   0   0   0   0   0        
MG   -51  91   0   0   0   0   0   0   0   0   0   0   0   0   0   0   0        
MG   -53  91   0   0   0   0   0   0   0   0   0   0   0   0   0   0   0        
MG   -55  91   0   0   0   0   0   0   0   0   0   0   0   0   0   0   0        
MG    83 121   0   0   0   0   0   0   0   0   0   0   0   0   0   0   0        
MG    81 121   0   0   0   0   0   0   0   0   0   0   0   0   0   0   0        
MG    79 121   0   0   0   0   0   0   0   0   0   0   0   0   0   0   0        
MG    77 121   0   0   0   0   0   0   0   0   0   0   0   0   0   0   0        
MG    75 121   0   0   0   0   0   0   0  13  13  13  42  13  11  11  11        
MG    73 121  11  12  11  11  11   0   0   0   0  11  11  11  11  11  11        
MG    71 121  12  13  12  22  22  21  12  12  11  11  11  11  11  11  11        
MG    69 121  21  12  11  22  22  22  13  12  21  22  13  12  13  12  12        
MG    67 121  12  11  11  22  22  22  12  12  13  22  21  21  21  21  13        
MG    65 121  13  13  12  22  21  22  22  22  22  22  22  22  22  22  21        
MG    63 121  21  21  13  21  21  13  13  21  21  22  22  22  22  22  22        
MG    61 121  12  12  12  21  12  21  21  13  21  22  22  22  22  22  22        
MG    59 121  21  21  13  13  12  12  21  13  22  22  21  13  33  22  22        
MG    57 121  22  22  22  22  22  22  22  22  22  22   0   0   0   0   0        
MG    55 121  22  22  22  21  22  22  21  21  22   0   0   0   0   0   0        
MG    53 121  22  22  21  12  12  13  22  21  21  21  12  12   0   0   0        
MG    51 121  22  22  13  13  13  22  22  21  13  21  12  13   0   0   0        
MG    49 121  21  22  12  13  13  13  21  12  22  22  12  22   0   0   0        
MG    47 121  11  11  11  12  21  12  12  22  22  22   0  22   0   0   0        
MG    45 121  13  21  12  12  13  21  21  22  22   0   0  21   0   0   0        
MG    43 121  13  21  12  12  21  22  22  22   0   0  22  13  13   0   0        
MG    41 121  13  22  22  22  22   0   0   0   0   0  22   0   0   0   0        
MG    39 121  13  22  22  22  22   0   0   0   0  22  22   0   0   0   0        
MG    37 121  22   0   0  22  22   0   0   0  21  22  21   0   0   0   0        
MG    35 121   0   0   0  21  22   0  13  13  13  21   0   0   0   0   0        
MG    33 121  12   0   0   0  13  13  13  13   0   0   0   0   0   0   0        
MG    31 121  13   0   0   0   0   0   0   0   0   0   0   0   0   0   0        
MG    29 121  21   0   0   0   0   0   0   0   0   0   0   0   0   0   0        
MG    27 121  21   0   0   0   0   0   0   0   0   0   0   0   0   0   0        
MG    25 121   0   0   0   0   0   0   0   0   0   0   0   0   0   0   0        
MG    23 121  13   0   0   0   0   0   0   0   0   0   0   0   0   0   0        
MG    21 121  13   0   0   0   0   0   0   0   0   0   0   0   0   0   0        
MG    19 121   0   0   0   0   0   0   0   0   0   0   0   0   0   0   0        
MG    17 121  13   0   0   0   0   0   0   0   0   0   0   0   0   0   0        
MG    15 121  13   0   0   0   0   0   0   0   0   0   0   0   0   0   0        
MG    13 121  13  13  13   0   0   0   0   0   0   0   0   0   0   0   0        
MG    11 121   0  13  13   0   0   0   0   0   0   0   0   0   0   0   0        
MG     9 121   0  13  13   0   0   0   0   0   0   0   0   0   0   0   0        
MG     7 121   0  13  13  13   0   0   0   0   0   0   0   0   0   0   0        
MG     5 121   0   0   0   0   0   0   0   0   0   0   0   0   0   0   0        
MG     3 121   0   0   0   0   0   0   0   0   0   0   0   0   0   0   0        
MG     1 121  13  13  13   0   0   0   0   0   0   0   0   0   0   0   0        
MG    -1 121  13  13   0   0   0  22  13  13  21  21   0   0   0   0   0        
MG    -3 121  13   0   0  13  22  22  13  21  21  21  13  13  21  13   0        
MG    -5 121  13  13   0   0   0   0   0  22  12  13  13  12  12  13  22        
MG    -7 121   0   0   0   0   0  22   0  22   0  12  13  22  13  21  21        
MG    -9 121   0  13  13  13   0   0   0   0  12  12  13  22   0  21  12        
MG   -11 121   0   0   0  22   0  22  22   0   0   0   0  22   0   0  21        
MG   -13 121   0   0   0  22  22  22  21  21  21   0  21  21   0   0   0        
MG   -15 121   0   0  21  21  22  21  22  21  21   0  21  21  21   0   0        
MG   -17 121   0  31  31  31  22  22  22  21  21  21  23  21  21  22   0        
MG   -19 121  31  31  31  32  23  22  31  31  21  31  23  22  21  23   0        
MG   -21 121  31  32  31  32  32  32  22  22  22  31  21  23  23  23  22        
MG   -23 121  31  32  32  32  32  31  22  22  22  31  23  23  23  23  22        
MG   -25 121  31  32  32  32  31  23  23  23  32  31  23  23  23  22  22        
MG   -27 121  22  31  22  22  22  23  21  31  33  32  23  22  21  22  22        
MG   -29 121  22  22  22  21  22  22  21  32  32  33  31  22  22  22  22        
MG   -31 121  21  21  22  31  12  22  21  22  33  22  23  21  22  22  22        
MG   -33 121  21  21  22  21   0   0  21  21  22  21  21  21  22  22  23        
MG   -35 121   0   0   0   0   0   0   0  21  22  21  21  21  22  23  22        
MG   -37 121   0   0   0   0   0   0   0   0   0   0  21  22  23  23  23        
MG   -39 121   0   0   0   0   0   0   0   0   0   0  21  23  23  22   0        
MG   -41 121   0   0   0   0   0   0   0   0   0   0   0   0  21  21  21        
MG   -43 121   0   0   0   0   0   0   0   0   0   0   0   0  21  21   0        
MG   -45 121   0   0   0   0   0   0   0   0   0   0   0   0   0   0   0        
MG   -47 121   0   0   0   0   0   0   0   0   0   0   0   0   0   0   0        
MG   -49 121   0   0   0   0   0   0   0   0   0   0   0   0   0   0   0        
MG   -51 121   0   0   0   0   0   0   0   0   0   0   0   0   0   0   0        
MG   -53 121   0   0   0   0   0   0   0   0   0   0   0   0   0   0   0        
MG   -55 121   0   0   0   0   0   0   0   0   0   0   0   0   0   0   0        
MG    83 151   0   0   0   0   0   0   0   0   0   0   0   0   0   0   0        
MG    81 151   0   0   0   0   0   0   0   0   0   0   0   0   0   0   0        
MG    79 151   0   0   0   0   0   0   0   0   0   0   0   0   0   0   0        
MG    77 151   0   0   0   0   0   0   0   0   0   0   0   0   0   0   0        
MG    75 151  11   0   0   0   0   0   0   0   0   0   0   0   0   0   0        
MG    73 151   0   0   0   0   0   0   0   0   0   0   0   0   0   0   0        
MG    71 151  11  11  11  11  11   0   0   0   0   0   0   0   0   0  21        
MG    69 151  11  12  11  11  11  11  21  22  21  12  12  22  22  21  22        
MG    67 151  12  13  21  21  22  21  13  21  21  22  22  13  22  21  21        
MG    65 151  13  21  22  22  22  22  22  22  22  21  12  11  11  11  21        
MG    63 151  22  22  22  22  22  13  12  21  13  13  22  22  21  21  21        
MG    61 151  22  22  22  22  21  22  12  21  22  22  22  21  21   0   0        
MG    59 151  22  22  22  11  22  21  12  12   0   0   0   0   0   0   0        
MG    57 151   0  22  22  11  22  12  11   0   0   0   0   0   0   0   0        
MG    55 151   0   0  11  13  12  13   0   0  12   0   0   0   0   0   0        
MG    53 151   0   0   0  21  12   0   0   0   0   0   0  12   0   0   0        
MG    51 151   0   0  22  12   0   0   0   0   0   0   0   0   0   0   0        
MG    49 151   0   0   0   0   0   0   0   0   0   0   0   0   0   0   0        
MG    47 151   0   0   0   0   0   0   0   0   0   0   0   0   0   0   0        
MG    45 151   0   0   0   0   0   0   0   0   0   0   0   0   0   0   0        
MG    43 151   0   0   0   0   0   0   0   0   0   0   0   0   0   0   0        
MG    41 151   0   0   0   0   0   0   0   0   0   0   0   0   0   0   0        
MG    39 151   0   0   0   0   0   0   0   0   0   0   0   0   0   0   0        
MG    37 151   0   0   0   0   0   0   0   0   0   0   0   0   0   0   0        
MG    35 151   0   0   0   0   0   0   0   0   0   0   0   0   0   0   0        
MG    33 151   0   0   0   0   0   0   0   0   0   0   0   0   0   0   0        
MG    31 151   0   0   0   0   0   0   0   0   0   0   0   0   0   0   0        
MG    29 151   0   0   0   0   0   0   0   0   0   0   0   0   0   0   0        
MG    27 151   0   0   0   0   0   0   0   0   0   0   0   0   0   0   0        
MG    25 151   0   0   0   0   0   0   0   0   0   0   0   0   0   0   0        
MG    23 151   0   0   0   0   0   0   0   0   0   0   0   0   0   0   0        
MG    21 151   0   0   0   0   0   0   0   0   0   0   0   0   0   0   0        
MG    19 151   0   0   0   0   0   0   0   0   0   0   0   0   0   0   0        
MG    17 151   0   0   0   0   0   0   0   0   0   0   0   0   0   0   0        
MG    15 151   0   0   0   0   0   0   0   0   0   0   0   0   0   0   0        
MG    13 151   0   0   0   0   0   0   0   0   0   0   0   0   0   0   0        
MG    11 151   0   0   0   0   0   0   0   0   0   0   0   0   0   0   0        
MG     9 151   0   0   0   0   0   0   0   0   0   0   0   0   0   0   0        
MG     7 151   0   0   0   0   0   0   0   0   0   0   0   0   0   0   0        
MG     5 151   0   0   0   0   0   0   0   0   0   0   0   0   0   0   0        
MG     3 151   0   0   0   0   0   0   0   0   0   0   0   0   0   0   0        
MG     1 151   0   0   0   0   0   0   0   0   0   0   0   0   0   0   0        
MG    -1 151   0   0   0   0   0   0   0   0   0   0   0   0   0   0   0        
MG    -3 151  22  21   0   0   0   0   0   0   0   0   0   0   0   0   0        
MG    -5 151  22  21  22   0   0   0   0   0   0   0   0   0   0   0   0        
MG    -7 151  12   0  22  22  22   0   0   0   0   0   0   0   0   0   0        
MG    -9 151  12  21   0  22  22   0   0   0   0   0   0   0   0   0   0        
MG   -11 151  21  21   0   0   0  21   0   0   0   0   0   0   0   0   0        
MG   -13 151   0   0   0   0   0   0   0   0   0   0   0   0   0   0   0        
MG   -15 151   0   0   0   0   0   0   0   0   0   0   0   0   0   0   0        
MG   -17 151   0   0   0   0   0   0   0   0   0   0   0   0   0  22  32        
MG   -19 151   0   0   0   0   0   0   0   0   0   0   0   0   0  22  22        
MG   -21 151   0   0   0   0   0   0   0  21  32   0   0   0   0   0   0        
MG   -23 151  22   0   0   0   0   0   0   0   0   0   0   0   0   0   0        
MG   -25 151  22  22   0   0   0   0   0   0   0   0   0   0   0   0   0        
MG   -27 151  22  22   0   0   0   0   0   0   0   0   0   0   0   0   0        
MG   -29 151  22  22   0   0   0   0   0   0   0   0   0   0   0   0   0        
MG   -31 151  23  22   0   0   0   0   0   0   0   0   0   0   0   0   0        
MG   -33 151  22  22   0   0   0   0   0   0   0   0   0   0   0   0   0        
MG   -35 151  22   0   0   0   0   0   0   0   0   0   0  13  13   0   0        
MG   -37 151  22   0   0   0   0   0   0   0   0   0   0   0  13  13  13        
MG   -39 151   0   0   0   0   0   0   0   0   0   0   0   0  13  13  13        
MG   -41 151   0   0   0   0   0   0   0   0   0   0  22  13  13  13   0        
MG   -43 151   0   0   0   0   0   0   0   0   0  22  22  13   0   0   0        
MG   -45 151   0   0   0   0   0   0   0   0  22  21  21   0   0   0   0        
MG   -47 151   0   0   0   0   0   0   0   0  22  21  21   0   0   0   0        
MG   -49 151   0   0   0   0   0   0   0   0   0   0   0   0   0   0   0        
MG   -51 151   0   0   0   0   0   0   0   0   0   0   0   0   0   0   0        
MG   -53 151   0   0   0   0   0   0   0   0   0   0   0   0   0   0   0        
MG   -55 151   0   0   0   0   0   0   0   0   0   0   0   0   0   0   0        
MG    83-179   0   0   0   0   0   0   0   0   0   0   0   0   0   0   0        
MG    81-179   0   0   0   0   0   0   0   0   0   0   0   0   0   0   0        
MG    79-179   0   0   0   0   0   0   0   0   0   0   0   0   0   0   0        
MG    77-179   0   0   0   0   0   0   0   0   0   0   0   0   0   0   0        
MG    75-179   0   0   0   0   0   0   0   0   0   0   0   0   0   0   0        
MG    73-179   0   0   0   0   0   0   0   0   0   0   0   0   0   0   0        
MG    71-179  13  13   0   0   0   0   0   0   0  11  11  11  11  11  11        
MG    69-179  13  13   0   0   0   0  11  11  11  11  22  22  22  22  22        
MG    67-179  13  13  13  13  13   0  11  22  11  11  11  22  11  11  11        
MG    65-179   0  13  13  13  13   0  11  22  22  11  11  11  11  11  11        
MG    63-179   0   0   0   0  13  11   0  11  11  11  11  22  22  11  12        
MG    61-179   0   0   0   0   0   0  11  11  11  11  22  22  22  22  12        
MG    59-179   0   0   0   0   0   0  11   0  11  11  22  11  22  22  22        
MG    57-179   0   0   0   0   0   0   0   0   0   0  22  11  22  22  22        
MG    55-179   0   0   0   0   0   0   0   0   0  63   0   0   0   0   0        
MG    53-179   0   0   0   0   0   0   0   0   0   0   0   0   0   0   0        
MG    51-179   0   0   0   0   0   0   0   0   0   0   0   0   0   0   0        
MG    49-179   0   0   0   0   0   0   0   0   0   0   0   0   0   0   0        
MG    47-179   0   0   0   0   0   0   0   0   0   0   0   0   0   0   0        
MG    45-179   0   0   0   0   0   0   0   0   0   0   0   0   0   0   0        
MG    43-179   0   0   0   0   0   0   0   0   0   0   0   0   0   0   0        
MG    41-179   0   0   0   0   0   0   0   0   0   0   0   0   0   0   0        
MG    39-179   0   0   0   0   0   0   0   0   0   0   0   0   0   0   0        
MG    37-179   0   0   0   0   0   0   0   0   0   0   0   0   0   0   0        
MG    35-179   0   0   0   0   0   0   0   0   0   0   0   0   0   0   0        
MG    33-179   0   0   0   0   0   0   0   0   0   0   0   0   0   0   0        
MG    31-179   0   0   0   0   0   0   0   0   0   0   0   0   0   0   0        
MG    29-179   0   0   0   0   0   0   0   0   0   0   0   0   0   0   0        
MG    27-179   0   0   0   0   0   0   0   0   0   0   0   0   0   0   0        
MG    25-179   0   0   0   0   0   0   0   0   0   0   0   0   0   0   0        
MG    23-179   0   0   0   0   0   0   0   0   0   0   0   0   0   0   0        
MG    21-179   0   0   0   0   0   0   0   0   0   0   0   0   0   0   0        
MG    19-179   0   0   0   0   0   0   0   0   0   0   0   0  22   0   0        
MG    17-179   0   0   0   0   0   0   0   0   0   0   0   0   0   0   0        
MG    15-179   0   0   0   0   0   0   0   0   0   0   0   0   0   0   0        
MG    13-179   0   0   0   0   0   0   0   0   0   0   0   0   0   0   0        
MG    11-179   0   0   0   0   0   0   0   0   0   0   0   0   0   0   0        
MG     9-179   0   0   0   0   0   0   0   0   0   0   0   0   0   0   0        
MG     7-179   0   0   0   0   0   0   0   0   0   0   0   0   0   0   0        
MG     5-179   0   0   0   0   0   0   0   0   0   0   0   0   0   0   0        
MG     3-179   0   0   0   0   0   0   0   0   0   0   0   0   0   0   0        
MG     1-179   0   0   0   0   0   0   0   0   0   0   0   0   0   0   0        
MG    -1-179   0   0   0   0   0   0   0   0   0   0   0   0   0   0   0        
MG    -3-179   0   0   0   0   0   0   0   0   0   0   0   0   0   0   0        
MG    -5-179   0   0   0   0   0   0   0   0   0   0   0   0   0   0   0        
MG    -7-179   0   0   0   0   0   0   0   0   0   0   0   0   0   0   0        
MG    -9-179   0   0   0   0   0   0   0   0   0   0   0   0   0   0   0        
MG   -11-179   0   0   0   0   0   0   0   0   0   0   0   0   0   0   0        
MG   -13-179   0   0   0   0   0   0   0   0   0   0   0   0   0   0   0        
MG   -15-179   0   0   0   0   0   0   0   0   0   0   0   0   0   0   0        
MG   -17-179   0   0   0   0   0   0   0   0   0   0   0   0   0   0   0        
MG   -19-179   0   0   0   0   0   0   0   0   0   0   0   0   0   0   0        
MG   -21-179   0   0   0   0   0   0   0   0   0   0   0   0   0   0   0        
MG   -23-179   0   0   0   0   0   0   0   0   0   0   0   0   0   0   0        
MG   -25-179   0   0   0   0   0   0   0   0   0   0   0   0   0   0   0        
MG   -27-179   0   0   0   0   0   0   0   0   0   0   0   0   0   0   0        
MG   -29-179   0   0   0   0   0   0   0   0   0   0   0   0   0   0   0        
MG   -31-179   0   0   0   0   0   0   0   0   0   0   0   0   0   0   0        
MG   -33-179   0   0   0   0   0   0   0   0   0   0   0   0   0   0   0        
MG   -35-179   0   0   0   0   0   0   0   0   0   0   0   0   0   0   0        
MG   -37-179   0   0   0   0   0   0   0   0   0   0   0   0   0   0   0        
MG   -39-179   0   0   0   0   0   0   0   0   0   0   0   0   0   0   0        
MG   -41-179   0   0   0   0   0   0   0   0   0   0   0   0   0   0   0        
MG   -43-179   0   0   0   0   0   0   0   0   0   0   0   0   0   0   0        
MG   -45-179   0   0   0   0   0   0   0   0   0   0   0   0   0   0   0        
MG   -47-179   0   0   0   0   0   0   0   0   0   0   0   0   0   0   0        
MG   -49-179   0   0   0   0   0   0   0   0   0   0   0   0   0   0   0        
MG   -51-179   0   0   0   0   0   0   0   0   0   0   0   0   0   0   0        
MG   -53-179   0   0   0   0   0   0   0   0   0   0   0   0   0   0   0        
MG   -55-179   0   0   0   0   0   0   0   0   0   0   0   0   0   0   0        
MG    83-149   0   0   0   0   0   0   0   0   0   0   0   0   0   0   0        
MG    81-149   0   0   0   0   0   0   0   0   0   0   0   0   0   0   0        
MG    79-149   0   0   0   0   0   0   0   0   0   0   0   0   0   0   0        
MG    77-149   0   0   0   0   0   0   0   0   0   0   0   0   0  12  12        
MG    75-149   0   0   0   0   0   0   0   0   0   0   0   0  12  12  12        
MG    73-149   0   0   0   0   0   0   0   0   0   0   0   0  12  12  12        
MG    71-149  11  11  11  11   0   0   0   0   0   0  12  12  12  12  12        
MG    69-149  22  22  22  12  12  12  12  11  12  12  11  11  11  11  12        
MG    67-149  11  11  11  11  11  12  12  12  11  11  11  11  11  11  11        
MG    65-149  11  11  11  12  11  12  12  12  12  12  12  12  11  11  11        
MG    63-149  22  22  22  12  11  12  12  12  12  12  12  12  12  11  11        
MG    61-149  22  22  22  12  12  12  12  12  12  12  12  12  12  11  11        
MG    59-149  22   0   0   0  12  12  12  12  12  12  12  12  12  12  11        
MG    57-149   0   0   0   0   0   0   0  12  12  12  12  21  21  21  12        
MG    55-149   0   0   0   0   0   0   0   0  12  12  12  21  21  21  12        
MG    53-149   0   0   0   0   0   0   0   0  12   0  12  21  21  21  21        
MG    51-149   0   0   0   0   0   0   0   0   0   0   0  21  21  21  21        
MG    49-149   0   0   0   0   0   0   0   0   0   0   0  21  22  22  22        
MG    47-149   0   0   0   0   0   0   0   0   0   0   0   0  22  22  22        
MG    45-149   0   0   0   0   0   0   0   0   0   0   0   0  22  22  22        
MG    43-149   0   0   0   0   0   0   0   0   0   0   0   0  22  21  22        
MG    41-149   0   0   0   0   0   0   0   0   0   0   0   0  22  21  22        
MG    39-149   0   0   0   0   0   0   0   0   0   0   0   0   0  21  22        
MG    37-149   0   0   0   0   0   0   0   0   0   0   0   0   0  22  22        
MG    35-149   0   0   0   0   0   0   0   0   0   0   0   0   0   0  22        
MG    33-149   0   0   0   0   0   0   0   0   0   0   0   0   0   0   0        
MG    31-149   0   0   0   0   0   0   0   0   0   0   0   0   0   0   0        
MG    29-149   0   0   0   0   0   0   0   0   0   0   0   0   0   0   0        
MG    27-149   0   0   0   0   0   0   0   0   0   0   0   0   0   0   0        
MG    25-149   0   0   0   0   0   0   0   0   0   0   0   0   0   0   0        
MG    23-149   0   0   0   0   0   0   0   0   0   0   0   0   0   0   0        
MG    21-149   0   0   0   0   0   0   0   0   0   0   0   0   0   0   0        
MG    19-149   0   0   0   0   0   0   0   0   0   0   0   0   0   0   0        
MG    17-149   0   0   0   0   0   0   0   0   0   0   0   0   0   0   0        
MG    15-149   0   0   0   0   0   0   0   0   0   0   0   0   0   0   0        
MG    13-149   0   0   0   0   0   0   0   0   0   0   0   0   0   0   0        
MG    11-149   0   0   0   0   0   0   0   0   0   0   0   0   0   0   0        
MG     9-149   0   0   0   0   0   0   0   0   0   0   0   0   0   0   0        
MG     7-149   0   0   0   0   0   0   0   0   0   0   0   0   0   0   0        
MG     5-149   0   0   0   0   0   0   0   0   0   0   0   0   0   0   0        
MG     3-149   0   0   0   0   0   0   0   0   0   0   0   0   0   0   0        
MG     1-149   0   0   0   0   0   0   0   0   0   0   0   0   0   0   0        
MG    -1-149   0   0   0   0   0   0   0   0   0   0   0   0   0   0   0        
MG    -3-149   0   0   0   0   0   0   0   0   0   0   0   0   0   0   0        
MG    -5-149   0   0   0   0   0   0   0   0   0   0   0   0   0   0   0        
MG    -7-149   0   0   0   0   0   0   0   0   0   0   0   0   0   0   0        
MG    -9-149   0   0   0   0   0   0   0   0   0   0   0   0   0   0   0        
MG   -11-149   0   0   0   0   0   0   0   0   0   0   0   0   0   0   0        
MG   -13-149   0   0   0   0   0   0   0   0   0   0   0   0   0   0   0        
MG   -15-149   0   0   0   0   0   0   0   0   0   0   0   0   0   0   0        
MG   -17-149   0   0   0   0   0   0   0   0   0   0   0   0   0   0   0        
MG   -19-149   0   0   0   0   0   0   0   0   0   0   0   0   0   0   0        
MG   -21-149   0   0   0   0   0   0   0   0   0   0   0   0   0   0   0        
MG   -23-149   0   0   0   0   0   0   0   0   0   0   0   0   0   0   0        
MG   -25-149   0   0   0   0   0   0   0   0   0   0   0   0   0   0   0        
MG   -27-149   0   0   0   0   0   0   0   0   0   0   0   0   0   0   0        
MG   -29-149   0   0   0   0   0   0   0   0   0   0   0   0   0   0   0        
MG   -31-149   0   0   0   0   0   0   0   0   0   0   0   0   0   0   0        
MG   -33-149   0   0   0   0   0   0   0   0   0   0   0   0   0   0   0        
MG   -35-149   0   0   0   0   0   0   0   0   0   0   0   0   0   0   0        
MG   -37-149   0   0   0   0   0   0   0   0   0   0   0   0   0   0   0        
MG   -39-149   0   0   0   0   0   0   0   0   0   0   0   0   0   0   0        
MG   -41-149   0   0   0   0   0   0   0   0   0   0   0   0   0   0   0        
MG   -43-149   0   0   0   0   0   0   0   0   0   0   0   0   0   0   0        
MG   -45-149   0   0   0   0   0   0   0   0   0   0   0   0   0   0   0        
MG   -47-149   0   0   0   0   0   0   0   0   0   0   0   0   0   0   0        
MG   -49-149   0   0   0   0   0   0   0   0   0   0   0   0   0   0   0        
MG   -51-149   0   0   0   0   0   0   0   0   0   0   0   0   0   0   0        
MG   -53-149   0   0   0   0   0   0   0   0   0   0   0   0   0   0   0        
MG   -55-149   0   0   0   0   0   0   0   0   0   0   0   0   0   0   0        
MG    83-119   0   0   0   0   0   0   0   0   0   0   0   0   0   0   0        
MG    81-119   0   0   0   0   0   0   0   0   0   0  12   0  12  12  12        
MG    79-119   0   0   0  12  12  12   0  12  12  12  12  12  12  12  12        
MG    77-119  12  12  12  12  12  12  12  12  12  12  12  12  12  12  12        
MG    75-119  12  12  12  12  12  12  12  12  12  12  12  12  12  12  12        
MG    73-119  12  12  12  12  12  12  12  12  12  12  12  12  12  12  12        
MG    71-119  12  12  12  12  12  12  12  12  12  12  12  12  12  12  12        
MG    69-119  12  12  12  12  12  12  12  12  12  12  12  12  12  12  12        
MG    67-119  11  11  11  11  11  11  11  11  11  11  11  11  11  12  12        
MG    65-119  11  11  11  11  11  11  11  11  11  11  11  11  11  12  12        
MG    63-119  11  11  11  11  11  11  11  11  11  11  11  11  11  12  12        
MG    61-119  11  11  11  11  11  11  11  11  11  11  11  11  11  12   0        
MG    59-119  11  11  11  11  11  11  11  11  11  11  11  11  11  11   0        
MG    57-119  12  12  12  12  12  12  12  12  12  12  12  12  11  11  11        
MG    55-119  12  12  12  12  12  12  12  12  12  12  12  12  11  11  11        
MG    53-119  21  21  21  21  21  21  21  21  21  21  21  12  11  12  11        
MG    51-119  21  21  21  21  21  22  21  21  21  21  21  12  12  12  12        
MG    49-119  22  22  22  22  22  22  22  22  22  22  22  22  11  12  22        
MG    47-119  32  23  23  23  23  23  32  23  22  22  22  22  22  22  22        
MG    45-119  32  23  23  23  23  23  23  23  22  23  22  22  12  22  22        
MG    43-119  23  23  31  23  21  23  32  23  32  33  32  31  31  12  22        
MG    41-119  32  32  31  33  22  32  32  23  22  31  22  22  12  12  23        
MG    39-119  23  32  32  32  22  31  22  23  22  22  22  21  12  23  23        
MG    37-119  23  23  32  32  31  31  23  23  22  22  22  21  23  13  13        
MG    35-119  32  32  32  32  31  31  23  23  22  22  22  21  13  13  11        
MG    33-119   0  31  31  32  32  32  33  32  23  31  21  21  13  21  11        
MG    31-119   0  52  31  32  33  33  33  32  32  31  23  23  22  13  11        
MG    29-119   0   0  32  32  33  33  32  32  32  31  23  22  12  12  12        
MG    27-119   0   0  32  32  33  33  32  23  32  32  31  22   0   0   0        
MG    25-119   0   0   0   0  33  33  32  23  32  32  31  22   0   0   0        
MG    23-119   0   0   0   0  33  33  33  22  32  32  23  22   0   0   0        
MG    21-119   0   0   0   0   0   0   0  23  23  32  31  23   0   0  22        
MG    19-119   0   0   0   0   0   0   0  22  22  32  23  31  22  22  22        
MG    17-119   0   0   0   0   0   0   0   0   0  31  62  53  22  13  13        
MG    15-119   0   0   0   0   0   0   0   0   0  23   0   0   0  13  13        
MG    13-119   0   0   0   0   0   0   0   0   0   0   0   0   0   0   0        
MG    11-119   0   0   0   0   0   0   0   0   0   0   0   0   0   0   0        
MG     9-119   0   0   0   0   0   0   0   0   0   0   0   0   0   0   0        
MG     7-119   0   0   0   0   0   0   0   0   0   0   0   0   0   0   0        
MG     5-119   0   0   0   0   0   0   0   0   0   0   0   0   0   0   0        
MG     3-119   0   0   0   0   0   0   0   0   0   0   0   0   0   0   0        
MG     1-119   0   0   0   0   0   0   0   0   0   0   0   0   0   0   0        
MG    -1-119   0   0   0   0   0   0   0   0   0   0   0   0   0   0   0        
MG    -3-119   0   0   0   0   0   0   0   0   0   0   0   0   0   0   0        
MG    -5-119   0   0   0   0   0   0   0   0   0   0   0   0   0   0   0        
MG    -7-119   0   0   0   0   0   0   0   0   0   0   0   0   0   0   0        
MG    -9-119   0   0   0   0   0   0   0   0   0   0   0   0   0   0   0        
MG   -11-119   0   0   0   0   0   0   0   0   0   0   0   0   0   0   0        
MG   -13-119   0   0   0   0   0   0   0   0   0   0   0   0   0   0   0        
MG   -15-119   0   0   0   0   0   0   0   0   0   0   0   0   0   0   0        
MG   -17-119   0   0   0   0   0   0   0   0   0   0   0   0   0   0   0        
MG   -19-119   0   0   0   0   0   0   0   0   0   0   0   0   0   0   0        
MG   -21-119   0   0   0   0   0   0   0   0   0   0   0   0   0   0   0        
MG   -23-119   0   0   0   0   0   0   0   0   0   0   0   0   0   0   0        
MG   -25-119   0   0   0   0   0   0   0   0   0   0   0   0   0   0   0        
MG   -27-119   0   0   0   0   0   0   0   0   0   0   0   0   0   0   0        
MG   -29-119   0   0   0   0   0   0   0   0   0   0   0   0   0   0   0        
MG   -31-119   0   0   0   0   0   0   0   0   0   0   0   0   0   0   0        
MG   -33-119   0   0   0   0   0   0   0   0   0   0   0   0   0   0   0        
MG   -35-119   0   0   0   0   0   0   0   0   0   0   0   0   0   0   0        
MG   -37-119   0   0   0   0   0   0   0   0   0   0   0   0   0   0   0        
MG   -39-119   0   0   0   0   0   0   0   0   0   0   0   0   0   0   0        
MG   -41-119   0   0   0   0   0   0   0   0   0   0   0   0   0   0   0        
MG   -43-119   0   0   0   0   0   0   0   0   0   0   0   0   0   0   0        
MG   -45-119   0   0   0   0   0   0   0   0   0   0   0   0   0   0   0        
MG   -47-119   0   0   0   0   0   0   0   0   0   0   0   0   0   0   0        
MG   -49-119   0   0   0   0   0   0   0   0   0   0   0   0   0   0   0        
MG   -51-119   0   0   0   0   0   0   0   0   0   0   0   0   0   0   0        
MG   -53-119   0   0   0   0   0   0   0   0   0   0   0   0   0   0   0        
MG   -55-119   0   0   0   0   0   0   0   0   0   0   0   0   0   0   0        
MG    83 -89   0  12  12  12  12  12  12  12  12  12  12  12  12  12  12        
MG    81 -89  12  12  12  12  12  12  12  12  12  12  12  12  12  12  12        
MG    79 -89  12  12  12  12  12  22  22  22  22  22  22  22  22  12  12        
MG    77 -89  12  12  12  12  12  22   0   0   0  22  22  22  22  12  12        
MG    75 -89  12  12  12  12  12  22   0   0   0   0   0   0   0   0   0        
MG    73 -89  12  12  12  12  12  11  13  22   0   0   0   0   0   0   0        
MG    71 -89  12  12  12  12  12  11  13  22  22  22  22  22   0   0   0        
MG    69 -89  12  12  12  12  12  11  11  22  22  22  22  22   0   0   0        
MG    67 -89  12  12  12  12  12   0  11  13  13  21  21  13  22  12  12        
MG    65 -89  12  12  12  12  12   0  11  11  11  13  21  12  22  12   0        
MG    63 -89   0  12  12  12  12  11  11  11  11  11  11  21  22   0   0        
MG    61 -89   0   0   0   0   0  11  11  11  11  11  11   0  22   0   0        
MG    59 -89   0   0   0   0   0  11  11  11  11  11  11  11  11  22   0        
MG    57 -89  11  11   0   0   0   0  11  11  11  11  11  11  11  22  22        
MG    55 -89  11  11  11  11   0  11  12  11  12  11  11  11  11  12  12        
MG    53 -89  12  11  11  11  11  11  12  12  12  12  12  12  12  12  12        
MG    51 -89  12  12  12  11  11  12  12  12  12  12  12  12  12  12  12        
MG    49 -89  22  22  22  12  12  21  21  12  13  13  12  12  12  12   0        
MG    47 -89  12  11  12  12  12  21  21  12  21  13  12  12  12  12  12        
MG    45 -89  12  12  12  12  12  21  21  21  21  21  12  12  12  12  12        
MG    43 -89  22  22  22  22  12  21  21  21  21  22   0   0  12   0   0        
MG    41 -89  12  22  22  23  22  21  21  21  22   0   0   0   0   0   0        
MG    39 -89  23  22  22  22  23  21  21  21   0   0   0   0   0   0   0        
MG    37 -89  11  13  22  13  22  21  21  21   0   0   0   0   0   0   0        
MG    35 -89  22  13  22  22  13  21  21  21   0   0   0   0   0   0   0        
MG    33 -89  22  13  13  13  11  22   0   0   0   0   0   0   0   0   0        
MG    31 -89  13  13  13  13  11   0   0   0   0   0   0   0   0   0   0        
MG    29 -89  12   0  11  11  11   0   0   0   0   0   0   0   0   0   0        
MG    27 -89   0   0   0  12  12   0   0   0   0   0   0   0   0   0   0        
MG    25 -89   0   0   0   0  13   0   0   0   0   0   0   0   0   0   0        
MG    23 -89   0   0   0  22  22  22   0   0   0   0   0   0   0   0   0        
MG    21 -89  22  22   0  22  22  22  22  22   0   0   0   0   0   0   0        
MG    19 -89  22  22   0   0   0  22  22  22   0  22  22  22   0   0   0        
MG    17 -89  22   0   0   0   0   0   0   0   0   0   0   0   0   0   0        
MG    15 -89  13  13  13  22   0   0   0   0   0   0   0   0   0   0   0        
MG    13 -89  13  13  13  22   0   0   0   0   0  21   0   0   0   0   0        
MG    11 -89   0  21  13  22   0   0   0  21  21  22  21  21  21  21  21        
MG     9 -89   0   0  13  13  21  21  21  21  12  22  31  31  22  31  12        
MG     7 -89   0   0   0   0  21   0  21  21  12  12  31  31  21  21  21        
MG     5 -89   0   0   0   0   0   0  21  21  21  21  31  21  21  21  21        
MG     3 -89   0   0   0   0   0  21  13  13  21  21  31  21  21  21  21        
MG     1 -89   0   0   0   0   0  21  21  21  21  21  22  21  21  21  21        
MG    -1 -89   0   0   0   0  33  22  21  21  22  22  21  21  21  21  21        
MG    -3 -89   0   0   0   0  33  22  21  21  22  22  21  21  21  21  21        
MG    -5 -89   0   0   0   0  33  31  21  21  22  22  21  21  21  21  21        
MG    -7 -89   0   0   0   0  33  32  21  21  22  22  21  21  21  21  21        
MG    -9 -89   0   0   0   0   0  32  21  21  21  21  21  21  21  21  21        
MG   -11 -89   0   0   0   0   0   0  21  21  21  21  21  21  21  21  21        
MG   -13 -89   0   0   0   0   0   0  22  22  21  21  21  13  11  12  13        
MG   -15 -89   0   0   0   0   0   0  32  31  31  21  21  13  13  21  21        
MG   -17 -89   0   0   0   0   0   0   0   0  32  31  31  13  13  12  12        
MG   -19 -89   0   0   0   0   0   0   0   0   0  32  31  31  23  12  12        
MG   -21 -89   0   0   0   0   0   0   0   0   0  32  31  33  23  22  23        
MG   -23 -89   0   0   0   0   0   0   0   0   0  23  32  23  21  22  22        
MG   -25 -89   0   0   0   0   0   0   0   0   0  23  23  23  23  22  22        
MG   -27 -89   0   0   0   0   0   0   0   0   0  23  23  23  23  22  13        
MG   -29 -89   0   0   0   0   0   0   0   0   0  23  23  22  22  22  22        
MG   -31 -89   0   0   0   0   0   0   0   0   0  23  32  31  22  22  12        
MG   -33 -89   0   0   0   0   0   0   0   0   0  23  32  32  22  12  12        
MG   -35 -89   0   0   0   0   0   0   0   0  23  23  32  23  21  12  12        
MG   -37 -89   0   0   0   0   0   0   0   0  23  23  32  23  22  12  12        
MG   -39 -89   0   0   0   0   0   0   0   0  23  23  32  32  22  22  11        
MG   -41 -89   0   0   0   0   0   0   0   0  22  22  23  32  22  22   0        
MG   -43 -89   0   0   0   0   0   0   0  21  21  21  23  23  22  22   0        
MG   -45 -89   0   0   0   0   0   0  21  21  21  21  23  23  23   0   0        
MG   -47 -89   0   0   0   0   0   0   0  21  21  21  23  23  23   0   0        
MG   -49 -89   0   0   0   0   0   0   0  21  21  22  23  23   0   0   0        
MG   -51 -89   0   0   0   0   0   0   0  21  21  21  22   0   0   0  21        
MG   -53 -89   0   0   0   0   0   0   0  21  21  11  11  11   0   0  21        
MG   -55 -89   0   0   0   0   0   0   0   0  21  21  21  11  11   0   0        
MG    83 -59   0  12  12  12  12  12  12  12  12  12  12  12  12  12  12        
MG    81 -59  12  12  12  12  12  12  12  12  12  12  12  12  12  12  12        
MG    79 -59  12  12  12  12  12  12  12  12  12  12  12  12  12  12  12        
MG    77 -59  12  12  12  12  12  12  12  12  12  12  12  12  12  12  12        
MG    75 -59  12  12  12  12  12  12  12  12  12  12  12  12  12  12  12        
MG    73 -59   0   0  12  12  12  12  12  12  12  12  12  12  12  12  12        
MG    71 -59   0   0  12  12  12  12  12  12  12  12  12  12  12  12  12        
MG    69 -59   0   0  12  12  12  12  12  12  12  12  12  12  12  12  12        
MG    67 -59   0   0   0  12  12  12  12  12  12  12  12  12  12  12   0        
MG    65 -59   0   0   0  12  12  12  12  12  12  12  12  12   0   0   0        
MG    63 -59   0   0   0   0  12  12  12  12  12  12   0   0   0   0   0        
MG    61 -59   0   0   0   0   0  12  12  12  12   0   0   0   0   0   0        
MG    59 -59   0   0   0   0   0   0   0   0   0   0   0   0   0   0   0        
MG    57 -59   0   0   0   0   0   0   0   0   0   0   0   0   0   0   0        
MG    55 -59  12  12   0   0   0   0   0   0   0   0   0   0   0   0   0        
MG    53 -59  12  12   0   0   0   0   0   0   0   0   0   0   0   0   0        
MG    51 -59  12  12  12   0   0   0   0   0   0   0   0   0   0   0   0        
MG    49 -59  12  12  12  12   0   0   0   0   0   0   0   0   0   0   0        
MG    47 -59  12  12  12  12   0   0   0   0   0   0   0   0   0   0   0        
MG    45 -59   0   0   0   0   0   0   0   0   0   0   0   0   0   0   0        
MG    43 -59   0   0   0   0   0   0   0   0   0   0   0   0   0   0   0        
MG    41 -59   0   0   0   0   0   0   0   0   0   0   0   0   0   0   0        
MG    39 -59   0   0   0   0   0   0   0   0   0   0   0   0   0   0   0        
MG    37 -59   0   0   0   0   0   0   0   0   0   0   0   0   0   0   0        
MG    35 -59   0   0   0   0   0   0   0   0   0   0   0   0   0   0   0        
MG    33 -59   0   0   0   0   0   0   0   0   0   0   0   0   0   0   0        
MG    31 -59   0   0   0   0   0   0   0   0   0   0   0   0   0   0   0        
MG    29 -59   0   0   0   0   0   0   0   0   0   0   0   0   0   0   0        
MG    27 -59   0   0   0   0   0   0   0   0   0   0   0   0   0   0   0        
MG    25 -59   0   0   0   0   0   0   0   0   0   0   0   0   0   0   0        
MG    23 -59   0   0   0   0   0   0   0   0   0   0   0   0   0   0   0        
MG    21 -59   0   0   0   0   0   0   0   0   0   0   0   0   0   0   0        
MG    19 -59   0   0   0   0   0   0   0   0   0   0   0   0   0   0   0        
MG    17 -59   0   0   0   0   0   0   0   0   0   0   0   0   0   0   0        
MG    15 -59   0   0   0   0   0   0   0   0   0   0   0   0   0   0   0        
MG    13 -59   0   0   0   0   0   0   0   0   0   0   0   0   0   0   0        
MG    11 -59   0   0   0   0   0   0   0   0   0   0   0   0   0   0   0        
MG     9 -59  12   0   0   0   0   0   0   0   0   0   0   0   0   0   0        
MG     7 -59  21  21   0   0   0   0   0   0   0   0   0   0   0   0   0        
MG     5 -59  21  21  21  21  21   0   0   0   0   0   0   0   0   0   0        
MG     3 -59  21  21  21  21  21   0   0   0   0   0   0   0   0   0   0        
MG     1 -59  21  21  21  21  21   0   0   0   0   0   0   0   0   0   0        
MG    -1 -59  21  21  12  12  12  12  12  12   0   0   0   0   0   0   0        
MG    -3 -59  21  21  21  21  21  13  13  21  21  22  22   0   0   0   0        
MG    -5 -59  21  21  21  21  21  13  22  23  22  22  22  22  22   0   0        
MG    -7 -59  21  21  21  21  21  13  23  31  22  22  22  22  22   0   0        
MG    -9 -59  21  21  21  21  21  21  23  31  22  22  22  22  21   0   0        
MG   -11 -59  21  21  13  21  21  21  23  31  22  22  22  21   0   0   0        
MG   -13 -59  21  21  21  21  21  21  23  22  22  22  21  21   0   0   0        
MG   -15 -59  21  21  21  21  21  23  23  31  22  22  21   0   0   0   0        
MG   -17 -59  12  12  12  31  31  31  31  31  31  21  21   0   0   0   0        
MG   -19 -59  12  11  12  31  31  31  31  31  21  21  21   0   0   0   0        
MG   -21 -59  13  23  31  31  22  21  21  21  21  21   0   0   0   0   0        
MG   -23 -59  12  31  23  21  13  13  21  21  21  21   0   0   0   0   0        
MG   -25 -59  12  31  21  21  13  21  21   0   0   0   0   0   0   0   0        
MG   -27 -59  12  23  23  21  13  21   0   0   0   0   0   0   0   0   0        
MG   -29 -59  13  13  31  31  13  12   0   0   0   0   0   0   0   0   0        
MG   -31 -59  13  13  13  13  12   0   0   0   0   0   0   0   0   0   0        
MG   -33 -59  13  13  13  11   0   0   0   0   0   0   0   0   0   0   0        
MG   -35 -59  12  12  11  11   0   0   0   0   0   0   0   0   0   0   0        
MG   -37 -59  12  12   0   0   0   0   0   0   0   0   0   0   0   0   0        
MG   -39 -59  11  11   0   0   0   0   0   0   0   0   0   0   0   0   0        
MG   -41 -59   0   0   0   0   0   0   0   0   0   0   0   0   0   0   0        
MG   -43 -59   0   0   0   0   0   0   0   0   0   0   0   0   0   0   0        
MG   -45 -59   0   0   0   0   0   0   0   0   0   0   0   0   0   0   0        
MG   -47 -59   0   0   0   0   0   0   0   0   0   0   0   0   0   0   0        
MG   -49 -59   0   0   0   0   0   0   0   0   0   0   0   0   0   0   0        
MG   -51 -59  21  21   0   0   0   0   0   0   0   0   0   0   0   0   0        
MG   -53 -59  21   0   0   0   0   0   0   0   0   0   0   0   0   0   0        
MG   -55 -59   0   0   0   0   0   0   0   0   0   0   0   0   0   0   0        
MG    83 -29  12  12  12  12  12   0   0   0   0   0   0   0   0   0   0        
MG    81 -29  12  12  12  12  12  12  12   0   0   0   0   0   0   0   0        
MG    79 -29  12  12  12  12  12  12   0   0   0   0   0   0   0   0   0        
MG    77 -29  12  12  12  12  12  12   0   0   0   0   0   0   0   0   0        
MG    75 -29  12  12  12  12  12  12  12   0   0   0   0   0   0   0   0        
MG    73 -29  12  12  12  12  12   0   0   0   0   0   0   0   0   0   0        
MG    71 -29  12  12  12  12  12   0   0   0   0   0   0   0   0   0   0        
MG    69 -29  12  12  12  12   0   0   0   0   0   0   0   0   0   0   0        
MG    67 -29   0   0   0  11  11  11  11  11   0   0   0   0   0   0   0        
MG    65 -29   0   0  12  11  11  11  11  11  11   0   0   0   0   0   0        
MG    63 -29   0   0   0  11  11  11  11   0   0   0   0   0   0   0   0        
MG    61 -29   0   0   0   0   0   0   0   0   0   0   0   0   0   0   0        
MG    59 -29   0   0   0   0   0   0   0   0   0   0   0   0  22  22   0        
MG    57 -29   0   0   0   0   0   0   0   0   0   0   0   0  22  22   0        
MG    55 -29   0   0   0   0   0   0   0   0   0   0  22  22  22  22  22        
MG    53 -29   0   0   0   0   0   0   0   0   0   0  22  22  22  22  22        
MG    51 -29   0   0   0   0   0   0   0   0   0   0  22   0  22  22  22        
MG    49 -29   0   0   0   0   0   0   0   0   0   0   0   0  22  22  22        
MG    47 -29   0   0   0   0   0   0   0   0   0   0   0   0   0  22  22        
MG    45 -29   0   0   0   0   0   0   0   0   0   0   0   0   0   0  21        
MG    43 -29   0   0   0   0   0   0   0   0   0   0  22  22  22  22  22        
MG    41 -29   0   0   0   0   0   0   0   0   0   0  22  22  22  22  22        
MG    39 -29   0   0   0   0   0   0   0   0   0   0  21  21  21  21  21        
MG    37 -29   0   0   0   0   0   0   0   0   0   0  21  21  21  21  21        
MG    35 -29   0   0   0   0   0   0   0   0   0   0   0  21  21  22  22        
MG    33 -29   0   0   0   0   0   0   0   0   0   0  23  21  21  23  31        
MG    31 -29   0   0   0   0   0   0   0   0   0   0  21  21  21  31  32        
MG    29 -29   0   0   0   0   0   0   0   0  41  32  23  31  32  33  33        
MG    27 -29   0   0   0   0   0   0   0  42  41  31  33  33  32  41  41        
MG    25 -29   0   0   0   0   0   0   0  42  33  42  41  41  33  41  41        
MG    23 -29   0   0   0   0   0   0  41  41  41  42  42  41  41  41  42        
MG    21 -29   0   0   0   0   0   0  41  33  33  43  51  42  42  42  41        
MG    19 -29   0   0   0   0   0   0  41  41  33  43  51  41  42  41  41        
MG    17 -29   0   0   0   0   0   0  33  33  33  41  43  41  41  33  33        
MG    15 -29   0   0   0   0   0   0  32  33  32  31  23  33  33  33  33        
MG    13 -29   0   0   0   0   0   0  32  32  23  23  22  31  31  31  31        
MG    11 -29   0   0   0   0   0   0   0  23  22  22  22  23  23  23  23        
MG     9 -29   0   0   0   0   0   0   0   0  22  22  22  23  23  23  23        
MG     7 -29   0   0   0   0   0   0   0   0  22  22  21  22  32  22  21        
MG     5 -29   0   0   0   0   0   0   0   0   0   0  22  22  12  12  22        
MG     3 -29   0   0   0   0   0   0   0   0   0   0   0   0   0   0   0        
MG     1 -29   0   0   0   0   0   0   0   0   0   0   0   0   0   0   0        
MG    -1 -29   0   0   0   0   0   0   0   0   0   0   0   0   0   0   0        
MG    -3 -29   0   0   0   0   0   0   0   0   0   0   0   0   0   0   0        
MG    -5 -29   0   0   0   0   0   0   0   0   0   0   0   0   0   0   0        
MG    -7 -29   0   0   0   0   0   0   0   0   0   0   0   0   0   0   0        
MG    -9 -29   0   0   0   0   0   0   0   0   0   0   0   0   0   0   0        
MG   -11 -29   0   0   0   0   0   0   0   0   0   0   0   0   0   0   0        
MG   -13 -29   0   0   0   0   0   0   0   0   0   0   0   0   0   0   0        
MG   -15 -29   0   0   0   0   0   0   0   0   0   0   0   0   0   0   0        
MG   -17 -29   0   0   0   0   0   0   0   0   0   0   0   0   0   0   0        
MG   -19 -29   0   0   0   0   0   0   0   0   0   0   0   0   0   0   0        
MG   -21 -29   0   0   0   0   0   0   0   0   0   0   0   0   0   0   0        
MG   -23 -29   0   0   0   0   0   0   0   0   0   0   0   0   0   0   0        
MG   -25 -29   0   0   0   0   0   0   0   0   0   0   0   0   0   0   0        
MG   -27 -29   0   0   0   0   0   0   0   0   0   0   0   0   0   0   0        
MG   -29 -29   0   0   0   0   0   0   0   0   0   0   0   0   0   0   0        
MG   -31 -29   0   0   0   0   0   0   0   0   0   0   0   0   0   0   0        
MG   -33 -29   0   0   0   0   0   0   0   0   0   0   0   0   0   0   0        
MG   -35 -29   0   0   0   0   0   0   0   0   0   0   0   0   0   0   0        
MG   -37 -29   0   0   0   0   0   0   0   0   0   0   0   0   0   0   0        
MG   -39 -29   0   0   0   0   0   0   0   0   0   0   0   0   0   0   0        
MG   -41 -29   0   0   0   0   0   0   0   0   0   0   0   0   0   0   0        
MG   -43 -29   0   0   0   0   0   0   0   0   0   0   0   0   0   0   0        
MG   -45 -29   0   0   0   0   0   0   0   0   0   0   0   0   0   0   0        
MG   -47 -29   0   0   0   0   0   0   0   0   0   0   0   0   0   0   0        
MG   -49 -29   0   0   0   0   0   0   0   0   0   0   0   0   0   0   0        
MG   -51 -29   0   0   0   0   0   0   0   0   0   0   0   0   0   0   0        
MG   -53 -29   0   0   0   0   0   0   0   0   0   0   0   0   0   0   0        
MG   -55 -29   0   0   0   0   0   0   0   0   0   0   0   0   0   0   0        
