MK    83   1   0   0   0   0   0   0   0   0   0   0   0   0   0   0   0        
MK    81   1   0   0   0   0   0   0   0   0   0   0   0   0   0   0   0        
MK    79   1   0   0   0   0   0   0   2   3   2   0   0   0   0   0   0        
MK    77   1   0   0   0   0   0   0   0   0   0   0   0   0   0   0   0        
MK    75   1   0   0   0   0   0   0   0   0   0   0   0   0   0   0   0        
MK    73   1   0   0   0   0   0   0   0   0   0   0   0   0   0   0   0        
MK    71   1   0   0   0   0   0   0   0   0   0   0   0  11  25  28  28        
MK    69   1   0   0   0   0   0   0   0  12  34  14  68  67  72  73  72        
MK    67   1   0   0   0   0   0   0  12  52  55  60  81  81  77  81  77        
MK    65   1   0   0   0   0   0  20  59  64  72  77  60  17  56  77  73        
MK    63   1   0   0   0  24  55  68  64  72  73  34  30  68  68  56  56        
MK    61   1   0   0  34  57  64  77  77  72  68   9  26  68  60  56  51        
MK    59   1   0   0   9  71  60  56  60  64  56  17   9  22  59  59  81        
MK    57   1   0   0   0   0  36  22  60  68  22  13  30  60  77  81  86        
MK    55   1   0   0   0   0  59  34  34  13  30  22  49  86  86  63  86        
MK    53   1  25   0  24  68  77  81  77  77  81  88  63  67  67  67  88        
MK    51   1  25  49  86  86  86  88  88  83  67  69  68  67  68  88  88        
MK    49   1  68  69  68  86  88  89  78  82  83  88  79  77  68  68  69        
MK    47   1  68  68  68  68  68  75  76  79  77  67  68  79  73  89  68        
MK    45   1  68  68  68  74  68  67  34  56  73  67  78  78  74  68  46        
MK    43   1  72  49  25  27  11  48  64  64  30  68  72  72  73  64  11        
MK    41   1  28  12   0   0  30   0  49  49  23  28  42  64  42  57  35        
MK    39   1   8   8   0   0  23   0   4   8  27   7  46  42   0  49  69        
MK    37   1  19  30  28  36  34   7  19  27   0   0  60  25   0  14  53        
MK    35   1  57  30  20  25  40  15   0   0   0   0   0   7  11   0   0        
MK    33   1  20  15   0   0  15   5   7   5   0   0   8   7   0   0   0        
MK    31   1   0   0   0   0   0   0   5   5   0   0   0   2   0   0   0        
MK    29   1   0   0   0   0   0   0   0   0   0   0   0   0   0   0   0        
MK    27   1   0   0   0   0   0   0   0   0   0   0   0   0   0   0   0        
MK    25   1   0   0   0   0   0   0   0   0   0   0   0   0   0   0   0        
MK    23   1   0   0   0   0   0   0   0   0   0   0   0   0   0   0   0        
MK    21   1   0   0   0   0   0   0   0   0   0   0   0   0   0   0   0        
MK    19   1  15   0   0   0   0   0   0   0   0   0   0   0   0   0   0        
MK    17   1  20   0   0  15  15  15  10   5   0   0   0   0   0   0   0        
MK    15   1  30  20  20  25  30  25  22  25  25  20  20  20  20  15  15        
MK    13   1  45  35  45  40  45  40  32  34  34  30  35  30  30  25  25        
MK    11   1  55  60  54  60  60  55  55  57  53  45  50  45  40  40  40        
MK     9   1  65  80  64  64  75  69  70  68  72  59  59  60  55  55  49        
MK     7   1  64  69  73  72  83  84  84  78  85  75  80  75  70  70  54        
MK     5   1   9   0  26  73  77  88  86  88  89  83  81  83  84  75  68        
MK     3   1   0   0   0   0  20  94  94  91  91  81  91  93  94  85  79        
MK     1   1   0   0   0   0  29  93  94  91  86  81  91  93  94  95  89        
MK    -1   1   0   0   0   0  39  94  93  91  82  81  93  95  94  95  65        
MK    -3   1   0   0   0   0  14  68  88  88  77  86  95  95  95  95  65        
MK    -5   1   0   0   0   0   0  14  77  86  81  82  91  94  85  90  51        
MK    -7   1   0   0   0   0   0   0  56  83  81  83  89  89  85  84  72        
MK    -9   1   0   0   0   0   0   0  39  84  85  85  84  88  81  73  68        
MK   -11   1   0   0   0   0   0   0  24  84  85  85  84  84  84  81  73        
MK   -13   1   0   0   0   0   0   0  46  85  80  70  74  78  84  81  84        
MK   -15   1   0   0   0   0   0   0  43  84  70  70  74  78  79  79  81        
MK   -17   1   0   0   0   0   0   2  10  80  60  65  74  73  76  84  86        
MK   -19   1   0   0   0   0   0   0   8  60  45  45  45  43  70  76  84        
MK   -21   1   0   0   0   0   0   0   4  19  25  25  25  25  29  67  88        
MK   -23   1   0   0   0   0   0   0   0   9  25  25  25  28  25  50  81        
MK   -25   1   0   0   0   0   0   0   0   6  10  25  25  25  25  65  78        
MK   -27   1   0   0   0   0   0   0   0   5  10  25  25  25  25  70  81        
MK   -29   1   0   0   0   0   0   0   0   0  18  25  25  20  40  70  85        
MK   -31   1   0   0   0   0   0   0   0   0  10  29  30  25  54  70  68        
MK   -33   1   0   0   0   0   0   0   0   0   3  64  30  34  50  49  11        
MK   -35   1   0   0   0   0   0   0   0   0   0  20  16   4   4   0   0        
MK   -37   1   0   0   0   0   0   0   0   0   0   0   0   0   0   0   0        
MK   -39   1   0   0   0   0   0   0   0   0   0   0   0   0   0   0   0        
MK   -41   1   0   0   0   0   0   0   0   0   0   0   0   0   0   0   0        
MK   -43   1   0   0   0   0   0   0   0   0   0   0   0   0   0   0   0        
MK   -45   1   0   0   0   0   0   0   0   0   0   0   0   0   0   0   0        
MK   -47   1   0   0   0   0   0   0   0   0   0   0   0   0   0   0   0        
MK   -49   1   0   0   0   0   0   0   0   0   0   0   0   0   0   0   0        
MK   -51   1   0   0   0   0   0   0   0   0   0   0   0   0   0   0   0        
MK   -53   1   0   0   0   0   0   0   0   0   0   0   0   0   0   0   0        
MK   -55   1   0   0   0   0   0   0   0   0   0   0   0   0   0   0   0        
MK    83  31   0   0   0   0   0   0   0   0   0   0   0   0   0   0   0        
MK    81  31   0   0   0   0   0   0   0   0   0   0   0   0   0   0   0        
MK    79  31   0   0   0   0   0   0   0   0   0   0   0   0   0   0   0        
MK    77  31   0   0   0   0   0   0   0   0   0   0   0   0   0   0   0        
MK    75  31   0   0   0   0   0   0   0   0   0   0   0   0   6  20  10        
MK    73  31   0   0   0   0   0   0   0   0   0   0   0  14  28   8   0        
MK    71  31  11   0   0   0   0   0   0   0   0   0   4  16  20   4   4        
MK    69  31  68  53  46  33  14   0   0  13   3  12  10  20  10  20  18        
MK    67  31  68  60  53  64  60  28  14  56  30  54  49  72  64  64  64        
MK    65  31  64  68  43  17  39  73  76  76  72  80  79  86  79  80  85        
MK    63  31  68  60  60  43  81  81  81  82  83  90  84  85  85  85  85        
MK    61  31  56  64  60  73  77  82  82  82  83  85  84  90  82  83  85        
MK    59  31  77  86  86  81  72  87  86  88  88  85  85  84  75  85  85        
MK    57  31  86  81  86  81  88  88  86  86  86  85  85  85  85  85  85        
MK    55  31  67  88  86  86  69  88  88  89  89  73  75  84  74  85  80        
MK    53  31  68  68  88  68  69  67  68  79  67  74  70  70  75  85  70        
MK    51  31  67  67  68  69  69  68  68  67  67  64  59  60  65  70  65        
MK    49  31  68  67  67  68  69  68  60  57  53  49  48  53  60  65  55        
MK    47  31  68  60  60  39  53  67  60  49  36  38  28  36  55  55  45        
MK    45  31   4  21  21  18  60  76  68  39  15   0  17  42  55  55  13        
MK    43  31   0   0   0   0   8  50  70  48  64   0  10  51  55  55  60        
MK    41  31  42  63  60  39  38  46  62  54  78  53   0  17  55  55  50        
MK    39  31  67  63  68  69  68  59  49  57  79  43   0  10  55  55  30        
MK    37  31  56  60  49  67  68  59  40  51  54  68  30  43  50  60  65        
MK    35  31   0  18  16  68  68  38  39  49  49  80  72  50  50  40  45        
MK    33  31   0   0  12  10   5   5  19  27  34  60  60  70  60  45  30        
MK    31  31  43   3   8   5   5   5  10  19  27  54  40  60  60  60  35        
MK    29  31   0   4   4   5   5   5   5   5   5  10  15  40  50  55  50        
MK    27  31   0   0   0   5   5   5   5   5   5  40   4  14  50  34  50        
MK    25  31   0   0   0   3   5   5   5   5   5  50  17   0  30  14  20        
MK    23  31   0   0   0   0   3   5   5   5   5  40  25  20  18  41  35        
MK    21  31   0   0   0   3   2  34   5   5   5  50  55  20  10  25  30        
MK    19  31   0   0   0   4   3  14  35   5   5  50  45  25  40  45   0        
MK    17  31   0  15  10  15  31   0  25  35   5  50  40  35  20  32   0        
MK    15  31  15  20  25  55  60   6  20  50  65  51  21   0   0   0   0        
MK    13  31  25  25  60  77  89  15  15  18   4   0   0   0   0   0   0        
MK    11  31  30  40  65  86  89  67  28   7  14  24  30   0   0   0   0        
MK     9  31  39  36  79  90  89  69  59  35  25  39  18   0   0   0   0        
MK     7  31  54  36  80  81  86  59  45  35  20  21   0   0   0   0   0        
MK     5  31  69  53  59  39  75  45  25  20  19   0   0   0   0   0   0        
MK     3  31  81  79  48  20  35  40  35  32   9   0   0   0   0   0   0        
MK     1  31  72  68  81  78  25  30  38   6   0   0   0   0   0   0   0        
MK    -1  31  72   9  81  84  40  40  56   0   0   0   0   0   0   0   0        
MK    -3  31  77  68  81  86  48  49   0   0   0   0   0   0   0   0   0        
MK    -5  31  78  84  67  50  45   0   0   0   0   0   0   0   0   0   0        
MK    -7  31  56  81  74  78  53   0   0   0   0   0   0   0   0   0   0        
MK    -9  31  73  77  77  79  68   5   0   0   0   0   0   0   0   0   0        
MK   -11  31  76  79  59  89  84  34   0   0   0   0   0   0   0   0   0        
MK   -13  31  84  84  56  85  85  34   0   0   5  56   0   0   0   0   0        
MK   -15  31  81  83  72  84  85  34   0   5  43  77   9   0   0   0   0        
MK   -17  31  90  88  86  73  34   0   0  68  84  73   0   0   0   0   0        
MK   -19  31  85  84  68  17   0   0   0  73  89  47   0   0   0   0   0        
MK   -21  31  90  88  47   0   0   0  17  77  89  26   0   0   0   0   0        
MK   -23  31  83  86  60   0   0   0  26  84  72   0   0   0   0   0   0        
MK   -25  31  79  64  30   0   0   0   9  68  32   0   0   0   0   0   0        
MK   -27  31  79  34   0   0   0   0   0   0   0   0   0   0   0   0   0        
MK   -29  31  57   9   0   0   0   0   0   0   0   0   0   0   0   0   0        
MK   -31  31  14   0   0   0   0   0   0   0   0   0   0   0   0   0   0        
MK   -33  31   0   0   0   0   0   0   0   0   0   0   0   0   0   0   0        
MK   -35  31   0   0   0   0   0   0   0   0   0   0   0   0   0   0   0        
MK   -37  31   0   0   0   0   0   0   0   0   0   0   0   0   0   0   0        
MK   -39  31   0   0   0   0   0   0   0   0   0   0   0   0   0   0   0        
MK   -41  31   0   0   0   0   0   0   0   0   0   0   0   0   0   0   0        
MK   -43  31   0   0   0   0   0   0   0   0   0   0   0   0   0   0   0        
MK   -45  31   0   0   0   0   0   0   0   0   0   0   0   0   0   0   0        
MK   -47  31   0   0   0   0   0   0   0   0   0   0   0   0   0   0   0        
MK   -49  31   0   0   0   0   0   0   0   0   0   0   0   0   0   0   0        
MK   -51  31   0   0   0   0   0   0   0   0   0   0   0   0   0   0   0        
MK   -53  31   0   0   0   0   0   0   0   0   0   0   0   0   0   0   0        
MK   -55  31   0   0   0   0   0   0   0   0   0   0   0   0   0   0   0        
MK    83  61   0   0   0   0   0   0   0   0   0   0   0   0   0   0   0        
MK    81  61   0   0   0   0   0   0   0   0   0   0   0   0   0   0   0        
MK    79  61   0   0   0   0   0   0   0   0   0   0   0   0   0   0   0        
MK    77  61   0   5   2   7   6   0   0   0   0   0   0   0   0   0   0        
MK    75  61   4   2   2   0   0   0   0   0   0   0   0   0   0  16  28        
MK    73  61   0   0   0   0  12  20   8   8   6   8  26  30  34  34  36        
MK    71  61   0   0   0  14  36  34  20  30  28  34  34  20  38  38  36        
MK    69  61  40  40  30  20  34  38  20  30  30  38  39  38  38  45  47        
MK    67  61  60  60  64  63  67  52  39  59  59  62  39  39  38  62  62        
MK    65  61  70  80  72  81  78  72  72  72  72  73  64  72  73  76  76        
MK    63  61  85  85  77  86  82  83  83  83  79  83  79  80  83  86  83        
MK    61  61  84  82  72  72  77  77  78  79  72  77  78  79  82  81  83        
MK    59  61  83  84  77  77  81  81  86  83  81  82  78  67  78  81  82        
MK    57  61  81  90  69  78  78  82  78  77  82  83  77  67  78  78  84        
MK    55  61  76  77  77  76  67  76  63  68  72  72  74  67  84  80  84        
MK    53  61  78  77  68  68  69  69  63  57  63  72  73  67  93  80  89        
MK    51  61  64  65  58  69  59  70  60  60  65  74  74  74  84  89  90        
MK    49  61  50  55  60  55  60  69  70  49  65  55  50  68  73  74  75        
MK    47  61  38  50  60  55  54  55  59  45  54  59  58  69  68  64  65        
MK    45  61  18  45  40  49  55  45  50  45  64  59  68  58  64  50  50        
MK    43  61  20  30  40  40  60  70  50  69  61  67  48  66  56  63  62        
MK    41  61  40  30  50  45  57  67  68  67  64  59  34  35  34  54  49        
MK    39  61  20  30  49  68  70  67  56  57  49  40  35  35  35  54  58        
MK    37  61  50  50  59  69  68  66  67  66  58  49  44  44  44  62  52        
MK    35  61  55  50  70  70  69  67  72  75  59  47  41  43  44  40  42        
MK    33  61  45  45  60  64  55  69  69  68  75  77  66  68  68  68  68        
MK    31  61  40  50  35  75  55  68  64  58  76  76  76  76  75  75  75        
MK    29  61  40  35  55  75  30  54  50  50  69  69  74  77  80  77  79        
MK    27  61  40  50  40  74  58  30  70  80  79  68  79  74  79  78  76        
MK    25  61  16  16  12  53  63  50  80  80  79  79  79  69  69  68  68        
MK    23  61   0   0   0   0  49  63  63  69  79  80  80  80  80  78  63        
MK    21  61   0   0   0   0   0  48  49  69  70  80  80  70  79  52  17        
MK    19  61   0   0   0   0   0   0  48  69  70  80  80  80  40   0   0        
MK    17  61   0   0   0   0   0   0  28  64  70  69  63  35   0   0   0        
MK    15  61   0   0   0   0   0   0   8  64  69  70  14   0   0   0   0        
MK    13  61   0   0   0   0   0   0   0  32  70  67  16   0   0   0   0        
MK    11  61   0   0   0   0   0   0   0   8  63  56   0   0   0   0   0        
MK     9  61   0   0   0   0   0   0   0   0  46  49  36   0   0   0   0        
MK     7  61   0   0   0   0   0   0   0   0   0   0  64   0   0   0   0        
MK     5  61   0   0   0   0   0   0   0   0   0   0   0   0   0   0   0        
MK     3  61   0   0   0   0   0   0   0   0   0   0   0   0   0   0   0        
MK     1  61   0   0   0   0   0   0   0   0   0   0   0   0   0   0   0        
MK    -1  61   0   0   0   0   0   0   0   0   0   0   0   0   0   0   0        
MK    -3  61   0   0   0   0   0   0   0   0   0   0   0   0   0   0   0        
MK    -5  61   0   0   0   0   0   0   0   0   0   0   0   0   0   0   0        
MK    -7  61   0   0   0   0   0   0   0   0   0   0   0   0   0   0   0        
MK    -9  61   0   0   0   0   0   0   0   0   0   0   0   0   0   0   0        
MK   -11  61   0   0   0   0   0   0   0   0   0   0   0   0   0   0   0        
MK   -13  61   0   0   0   0   0   0   0   0   0   0   0   0   0   0   0        
MK   -15  61   0   0   0   0   0   0   0   0   0   0   0   0   0   0   0        
MK   -17  61   0   0   0   0   0   0   0   0   0   0   0   0   0   0   0        
MK   -19  61   0   0   0   0   0   0   0   0   0   0   0   0   0   0   0        
MK   -21  61   0   0   0   0   0   0   0   0   0   0   0   0   0   0   0        
MK   -23  61   0   0   0   0   0   0   0   0   0   0   0   0   0   0   0        
MK   -25  61   0   0   0   0   0   0   0   0   0   0   0   0   0   0   0        
MK   -27  61   0   0   0   0   0   0   0   0   0   0   0   0   0   0   0        
MK   -29  61   0   0   0   0   0   0   0   0   0   0   0   0   0   0   0        
MK   -31  61   0   0   0   0   0   0   0   0   0   0   0   0   0   0   0        
MK   -33  61   0   0   0   0   0   0   0   0   0   0   0   0   0   0   0        
MK   -35  61   0   0   0   0   0   0   0   0   0   0   0   0   0   0   0        
MK   -37  61   0   0   0   0   0   0   0   0   0   0   0   0   0   0   0        
MK   -39  61   0   0   0   0   0   0   0   0   0   0   0   0   0   0   0        
MK   -41  61   0   0   0   0   0   0   0   0   0   0   0   0   0   0   0        
MK   -43  61   0   0   0   0   0   0   0   0   0   0   0   0   0   0   0        
MK   -45  61   0   0   0   0   0   0   0   0   0   0   0   0   0   0   0        
MK   -47  61   0   0   0   0   0   0   0   0   0   0   0   0   0   0   0        
MK   -49  61   0   0   0   0  23   0   0   0   0   0   0   0   0   0   0        
MK   -51  61   0   0   0   0   0   0   0   0   0   0   0   0   0   0   0        
MK   -53  61   0   0   0   0   0   0   0   0   0   0   0   0   0   0   0        
MK   -55  61   0   0   0   0   0   0   0   0   0   0   0   0   0   0   0        
MK    83  91   0   0   0   0   0   0   0   0   0   0   0   0   0   0   0        
MK    81  91   0   0   0   0   0   0   0   0   0   0   0   0   0   0   0        
MK    79  91   2   0   2   4   3   3   4   2   0   0   0   0   0   0   0        
MK    77  91   0   0   0   0   4  12  28  26   8  12  12   3   0   0   0        
MK    75  91  32  36  86  38  36  32  34  32  36  38  30  20   0   0   0        
MK    73  91  36  38  38  38  36  36  38  34  28  26  36  34  30  30  26        
MK    71  91  38  38  38  39  39  38  38  38  54  49  53  40  40  40  40        
MK    69  91  51  53  62  39  53  54  53  53  67  64  69  54  59  59  59        
MK    67  91  54  59  68  54  68  67  67  70  80  75  90  65  80  80  80        
MK    65  91  81  74  84  70  89  86  87  89  89  83  90  60  70  85  86        
MK    63  91  86  82  60  86  89  95  95  93  89  86  86  83  81  81  83        
MK    61  91  90  89  90  95  93  94  94  95  89  87  86  86  86  86  86        
MK    59  91  67  87  87  92  92  93  95  95  90  90  90  85  84  84  88        
MK    57  91  76  77  87  89  89  95  95  90  90  90  89  64  76  81  63        
MK    55  91  80  80  70  90  90  90  90  90  86  54  90  67  84  80  90        
MK    53  91  79  80  85  90  90  90  81  81  63  72  89  84  90  80  90        
MK    51  91  95  95  90  87  90  81  87  72  86  89  90  85  85  80  85        
MK    49  91  73  56  73  84  79  80  85  80  80  80  78  84  79  63  70        
MK    47  91  70  62  67  72  65  65  64  75  70  69  68  78  68  68  72        
MK    45  91  86  67  50  70  54  60  65  60  50  50  48  55  55  62  67        
MK    43  91  60  49  49  55  50  50  54  45  45  55  54  55  59  64  73        
MK    41  91  45  49  45  55  40  40  40  45  45  70  70  70  64  69  72        
MK    39  91  55  60  50  57  57  48  39  55  45  65  69  78  76  72  20        
MK    37  91  53  60  57  57  67  69  75  70  65  75  74  69  76  76  60        
MK    35  91  44  49  59  68  67  74  75  75  75  75  72  76  76  72  64        
MK    33  91  68  68  68  81  81  85  80  80  80  80  79  81  81  77  77        
MK    31  91  72  76  73  82  81  81  80  80  80  78  78  77  76  72  63        
MK    29  91  75  81  78  81  86  80  78  78  74  74  69  77  83  72  79        
MK    27  91  77  81  79  85  89  81  68  78  73  73  78  78  78  78  72        
MK    25  91  79  85  80  84  89  84  79  78  79  79  79  69  69  76  32        
MK    23  91  25  73  80  85  84  81  79  79  79  24  78  68  52  27   0        
MK    21  91   0  13  79  84  84  84  79  79  48   0  36   0   0   0   0        
MK    19  91   0   0  76  84  85  84  85  80   0  38  24   0   0   0   0        
MK    17  91   0   0  56  60  85  85  69  84  56   0   0   0   0   0   0        
MK    15  91   0   0   0  13  84  76  79  85  85  32   0   0   0   0   0        
MK    13  91   0   0   0   0  68  34  77  76  85  48   0   0   0   0   0        
MK    11  91   0   0   0   0  54   0  22  77  64  22   0   0   0   0   0        
MK     9  91   0   0   0   0  63   0   0  34   0   0   0   0   0   0   0        
MK     7  91   0   0   0   0  19  48   0   0   0   0   0   0   0  29   0        
MK     5  91   0   0  30  62   0  68  62   0   0   0   0   0  34  91  29        
MK     3  91   0   0   0  43  76  48  91   0   0   0  19  72  95  76   0        
MK     1  91   0   0   0   0  53  86  76   0   0  48  86  93  95  86   0        
MK    -1  91   0   0   0   0   0  76  86  34   0  24  93  95  93  53  34        
MK    -3  91   0   0   0   0   0  34  86  76   0   0  57  81  76  10  48        
MK    -5  91   0   0   0   0   0   0  38  67   0   0   0   0   0   0  29        
MK    -7  91   0   0   0   0   0   0   0  19  52  40  56  43   0   0   0        
MK    -9  91   0   0   0   0   0   0   0   0   0   0   0   0   0   0   0        
MK   -11  91   0   0   0   0   0   0   0   0   0   0   0   0   0   0   0        
MK   -13  91   0   0   0   0   0   0   0   0   0   0   0   0   0   0   0        
MK   -15  91   0   0   0   0   0   0   0   0   0   0   0   0   0   0   0        
MK   -17  91   0   0   0   0   0   0   0   0   0   0   0   0   0   0   0        
MK   -19  91   0   0   0   0   0   0   0   0   0   0   0   0   0   0   0        
MK   -21  91   0   0   0   0   0   0   0   0   0   0   0   4  18  49   7        
MK   -23  91   0   0   0   0   0   0   0   0   0   0   0  14  67  70  65        
MK   -25  91   0   0   0   0   0   0   0   0   0   0   0  10  57  50  65        
MK   -27  91   0   0   0   0   0   0   0   0   0   0   0   8  43  50  50        
MK   -29  91   0   0   0   0   0   0   0   0   0   0   0   0  30  50  50        
MK   -31  91   0   0   0   0   0   0   0   0   0   0   0   0  15  60  60        
MK   -33  91   0   0   0   0   0   0   0   0   0   0   0   0  19  75  57        
MK   -35  91   0   0   0   0   0   0   0   0   0   0   0   0  15  42  18        
MK   -37  91   0   0   0   0   0   0   0   0   0   0   0   0   0   0   0        
MK   -39  91   0   0   0   0   0   0   0   0   0   0   0   0   0   0   0        
MK   -41  91   0   0   0   0   0   0   0   0   0   0   0   0   0   0   0        
MK   -43  91   0   0   0   0   0   0   0   0   0   0   0   0   0   0   0        
MK   -45  91   0   0   0   0   0   0   0   0   0   0   0   0   0   0   0        
MK   -47  91   0   0   0   0   0   0   0   0   0   0   0   0   0   0   0        
MK   -49  91   0   0   0   0   0   0   0   0   0   0   0   0   0   0   0        
MK   -51  91   0   0   0   0   0   0   0   0   0   0   0   0   0   0   0        
MK   -53  91   0   0   0   0   0   0   0   0   0   0   0   0   0   0   0        
MK   -55  91   0   0   0   0   0   0   0   0   0   0   0   0   0   0   0        
MK    83 121   0   0   0   0   0   0   0   0   0   0   0   0   0   0   0        
MK    81 121   0   0   0   0   0   0   0   0   0   0   0   0   0   0   0        
MK    79 121   0   0   0   0   0   0   0   0   0   0   0   0   0   0   0        
MK    77 121   0   0   0   0   0   0   0   0   0   0   0   0   0   0   0        
MK    75 121   0   0   0   0   0   0   0   2   4   4   4   8   3   3   6        
MK    73 121  16  24  32  22  12   0   0   0   0   0  10  22   6   8   2        
MK    71 121  40  40  38  36  44  16  32  30  28  30  36  43  34  34  32        
MK    69 121  64  67  45  67  64  64  40  59  59  68  59  57  50  50  54        
MK    67 121  79  68  49  65  64  68  67  74  49  65  69  62  58  53  63        
MK    65 121  81  77  64  72  69  73  72  67  69  62  64  62  64  62  64        
MK    63 121  86  86  86  81  81  81  76  67  64  64  62  62  64  64  62        
MK    61 121  88  88  89  89  86  81  86  76  60  65  65  65  64  64  64        
MK    59 121  90  90  89  90  90  90  89  90  75  64  49  21  22  29  20        
MK    57 121  90  90  90  90  80  90  88  89  77  32   0   0   0   0   0        
MK    55 121  95  90  90  90  85  85  94  72  30   0   0   0   0   0   0        
MK    53 121  95  89  84  84  83  83  90  85  68  77  60  32   0   0   0        
MK    51 121  90  89  89  79  80  80  84  89  81  89  43  45   0   0   0        
MK    49 121  86  88  81  86  81  79  72  72  81  81  17  43   0   0   0        
MK    47 121  86  81  81  89  89  72  68  81  81  32   0  43   0   0   0        
MK    45 121  83  86  72  86  81  83  63  77  30   0   0  36   0   0   0        
MK    43 121  85  77  69  92  88  59  45  30   0   0  36  68  33   0   0        
MK    41 121  56  67  80  91  63   0   0   0   0   0  45   0   0   0   0        
MK    39 121  16  12  40  77  18   0   0   0   0  19  54   0   0   0   0        
MK    37 121  49   0   0  59  45   0   0   0  36  86  77   0   0   0   0        
MK    35 121   0   0   0  32  32   0  45  63  63  38   0   0   0   0   0        
MK    33 121  34   0   0   0  14  63  27  23   0   0   0   0   0   0   0        
MK    31 121  52   0   0   0   0   0   0   0   0   0   0   0   0   0   0        
MK    29 121  56   0   0   0   0   0   0   0   0   0   0   0   0   0   0        
MK    27 121  14   0   0   0   0   0   0   0   0   0   0   0   0   0   0        
MK    25 121   0   0   0   0   0   0   0   0   0   0   0   0   0   0   0        
MK    23 121  59   0   0   0   0   0   0   0   0   0   0   0   0   0   0        
MK    21 121  18   0   0   0   0   0   0   0   0   0   0   0   0   0   0        
MK    19 121   0   0   0   0   0   0   0   0   0   0   0   0   0   0   0        
MK    17 121  62   0   0   0   0   0   0   0   0   0   0   0   0   0   0        
MK    15 121  76   0   0   0   0   0   0   0   0   0   0   0   0   0   0        
MK    13 121  62  34  19   0   0   0   0   0   0   0   0   0   0   0   0        
MK    11 121   0  38  19   0   0   0   0   0   0   0   0   0   0   0   0        
MK     9 121   0  57  48   0   0   0   0   0   0   0   0   0   0   0   0        
MK     7 121   0  53  76  19   0   0   0   0   0   0   0   0   0   0   0        
MK     5 121   0   0   0   0   0   0   0   0   0   0   0   0   0   0   0        
MK     3 121   0   0   0   0   0   0   0   0   0   0   0   0   0   0   0        
MK     1 121  29  34  24   0   0   0   0   0   0   0   0   0   0   0   0        
MK    -1 121  62  19   0   0   0  25  75  20  25  15   0   0   0   0   0        
MK    -3 121  72   0   0  15  70  20  70  60  90  90  75  35  10  10   0        
MK    -5 121  24  95   0   0   0   0   0  20  45  85  95  90  80  90  20        
MK    -7 121   0   0   0   0   0  15   0  20   0  70  85  90  85  70  10        
MK    -9 121   0  15  43  15   0   0   0   0   5  20  35  35   0  60  50        
MK   -11 121   0   0   0   0   0  64  19   0   0   0   0  27   0   0  20        
MK   -13 121   0   0   0   9   8  19  68  64  15   0   8  57   0   0   0        
MK   -15 121   0   0  47  60  20  69  73  60  12   0  16  63  32   0   0        
MK   -17 121   0  48  54  53  54  54  65  65  64  45  20  62  68   5   0        
MK   -19 121  25  50  45  39  55  40  50  65  64  64  43  64  78  36   0        
MK   -21 121  45  20  20  20  30  30  55  55  65  50  44  49  70  79  45        
MK   -23 121  45  20  20  20  25  35  50  45  55  40  40  45  65  64  77        
MK   -25 121  60  50  20  40  35  30  45  25  25  35  45  45  45  60  75        
MK   -27 121  50  50  35  25  25  25  40  40  29  25  50  50  50  60  65        
MK   -29 121  50  50  45  40  30  25  40  35  23  45  55  50  50  59  64        
MK   -31 121  50  50  55  55  43  40  49  49  45  45  60  49  49  64  69        
MK   -33 121  54  43  36   9   0   0   5  35  33  69  59  48  59  69  75        
MK   -35 121   0   0   0   0   0   0   0  10  18  49  64  67  81  69  74        
MK   -37 121   0   0   0   0   0   0   0   0   0   0  72  83  81  73  60        
MK   -39 121   0   0   0   0   0   0   0   0   0   0  23  26  17  24   0        
MK   -41 121   0   0   0   0   0   0   0   0   0   0   0   0  30  43   9        
MK   -43 121   0   0   0   0   0   0   0   0   0   0   0   0  17  60   0        
MK   -45 121   0   0   0   0   0   0   0   0   0   0   0   0   0   0   0        
MK   -47 121   0   0   0   0   0   0   0   0   0   0   0   0   0   0   0        
MK   -49 121   0   0   0   0   0   0   0   0   0   0   0   0   0   0   0        
MK   -51 121   0   0   0   0   0   0   0   0   0   0   0   0   0   0   0        
MK   -53 121   0   0   0   0   0   0   0   0   0   0   0   0   0   0   0        
MK   -55 121   0   0   0   0   0   0   0   0   0   0   0   0   0   0   0        
MK    83 151   0   0   0   0   0   0   0   0   0   0   0   0   0   0   0        
MK    81 151   0   0   0   0   0   0   0   0   0   0   0   0   0   0   0        
MK    79 151   0   0   0   0   0   0   0   0   0   0   0   0   0   0   0        
MK    77 151   0   0   0   0   0   0   0   0   0   0   0   0   0   0   0        
MK    75 151   3   0   0   0   0   0   0   0   0   0   0   0   0   0   0        
MK    73 151   0   0   0   0   0   0   0   0   0   0   0   0   0   0   0        
MK    71 151  26  18  18  20  14   0   0   0   0   0   0   0   0   0   2        
MK    69 151  50  48  40  36  36  24  16  32  16  13  16  18  18  24  21        
MK    67 151  50  59  53  54  45  30  30  40  20  20  30  39  40  40  40        
MK    65 151  59  64  64  65  54  30  40  45  40  50  54  48  48  30  24        
MK    63 151  62  62  64  65  65  13  43  49  53  54  65  64  54  33  23        
MK    61 151  65  64  49  17   8  55  33  50  28  49  49  18   4   0   0        
MK    59 151  27  38  11   0  20  58  28   3   0   0   0   0   0   0   0        
MK    57 151   0   0   5  57  72  68  28   0   0   0   0   0   0   0   0        
MK    55 151   0   0  18  72  67  48   0   0   2   0   0   0   0   0   0        
MK    53 151   0   0   0  68  42   0   0   0   0   0   0   4   0   0   0        
MK    51 151   0   0   2  19   0   0   0   0   0   0   0   0   0   0   0        
MK    49 151   0   0   0   0   0   0   0   0   0   0   0   0   0   0   0        
MK    47 151   0   0   0   0   0   0   0   0   0   0   0   0   0   0   0        
MK    45 151   0   0   0   0   0   0   0   0   0   0   0   0   0   0   0        
MK    43 151   0   0   0   0   0   0   0   0   0   0   0   0   0   0   0        
MK    41 151   0   0   0   0   0   0   0   0   0   0   0   0   0   0   0        
MK    39 151   0   0   0   0   0   0   0   0   0   0   0   0   0   0   0        
MK    37 151   0   0   0   0   0   0   0   0   0   0   0   0   0   0   0        
MK    35 151   0   0   0   0   0   0   0   0   0   0   0   0   0   0   0        
MK    33 151   0   0   0   0   0   0   0   0   0   0   0   0   0   0   0        
MK    31 151   0   0   0   0   0   0   0   0   0   0   0   0   0   0   0        
MK    29 151   0   0   0   0   0   0   0   0   0   0   0   0   0   0   0        
MK    27 151   0   0   0   0   0   0   0   0   0   0   0   0   0   0   0        
MK    25 151   0   0   0   0   0   0   0   0   0   0   0   0   0   0   0        
MK    23 151   0   0   0   0   0   0   0   0   0   0   0   0   0   0   0        
MK    21 151   0   0   0   0   0   0   0   0   0   0   0   0   0   0   0        
MK    19 151   0   0   0   0   0   0   0   0   0   0   0   0   0   0   0        
MK    17 151   0   0   0   0   0   0   0   0   0   0   0   0   0   0   0        
MK    15 151   0   0   0   0   0   0   0   0   0   0   0   0   0   0   0        
MK    13 151   0   0   0   0   0   0   0   0   0   0   0   0   0   0   0        
MK    11 151   0   0   0   0   0   0   0   0   0   0   0   0   0   0   0        
MK     9 151   0   0   0   0   0   0   0   0   0   0   0   0   0   0   0        
MK     7 151   0   0   0   0   0   0   0   0   0   0   0   0   0   0   0        
MK     5 151   0   0   0   0   0   0   0   0   0   0   0   0   0   0   0        
MK     3 151   0   0   0   0   0   0   0   0   0   0   0   0   0   0   0        
MK     1 151   0   0   0   0   0   0   0   0   0   0   0   0   0   0   0        
MK    -1 151   0   0   0   0   0   0   0   0   0   0   0   0   0   0   0        
MK    -3 151  10  10   0   0   0   0   0   0   0   0   0   0   0   0   0        
MK    -5 151  40  20  15   0   0   0   0   0   0   0   0   0   0   0   0        
MK    -7 151  10   0  20  10  10   0   0   0   0   0   0   0   0   0   0        
MK    -9 151  10   5   0  10  20   0   0   0   0   0   0   0   0   0   0        
MK   -11 151  10   5   0   0   0   9   0   0   0   0   0   0   0   0   0        
MK   -13 151   0   0   0   0   0   0   0   0   0   0   0   0   0   0   0        
MK   -15 151   0   0   0   0   0   0   0   0   0   0   0   0   0   0   0        
MK   -17 151   0   0   0   0   0   0   0   0   0   0   0   0   0  10  29        
MK   -19 151   0   0   0   0   0   0   0   0   0   0   0   0   0  10  10        
MK   -21 151   0   0   0   0   0   0   0  23  10   0   0   0   0   0   0        
MK   -23 151  30   0   0   0   0   0   0   0   0   0   0   0   0   0   0        
MK   -25 151  72  43   0   0   0   0   0   0   0   0   0   0   0   0   0        
MK   -27 151  69  56   0   0   0   0   0   0   0   0   0   0   0   0   0        
MK   -29 151  69  60   0   0   0   0   0   0   0   0   0   0   0   0   0        
MK   -31 151  75  39   0   0   0   0   0   0   0   0   0   0   0   0   0        
MK   -33 151  64   9   0   0   0   0   0   0   0   0   0   0   0   0   0        
MK   -35 151  28   0   0   0   0   0   0   0   0   0   0  18   9   0   0        
MK   -37 151   4   0   0   0   0   0   0   0   0   0   0   0  36   9   5        
MK   -39 151   0   0   0   0   0   0   0   0   0   0   0   0  68  72   9        
MK   -41 151   0   0   0   0   0   0   0   0   0   0   5  50  54  14   0        
MK   -43 151   0   0   0   0   0   0   0   0   0  14  63  63   0   0   0        
MK   -45 151   0   0   0   0   0   0   0   0  27  81  59   0   0   0   0        
MK   -47 151   0   0   0   0   0   0   0   0  14  36   5   0   0   0   0        
MK   -49 151   0   0   0   0   0   0   0   0   0   0   0   0   0   0   0        
MK   -51 151   0   0   0   0   0   0   0   0   0   0   0   0   0   0   0        
MK   -53 151   0   0   0   0   0   0   0   0   0   0   0   0   0   0   0        
MK   -55 151   0   0   0   0   0   0   0   0   0   0   0   0   0   0   0        
MK    83-179   0   0   0   0   0   0   0   0   0   0   0   0   0   0   0        
MK    81-179   0   0   0   0   0   0   0   0   0   0   0   0   0   0   0        
MK    79-179   0   0   0   0   0   0   0   0   0   0   0   0   0   0   0        
MK    77-179   0   0   0   0   0   0   0   0   0   0   0   0   0   0   0        
MK    75-179   0   0   0   0   0   0   0   0   0   0   0   0   0   0   0        
MK    73-179   0   0   0   0   0   0   0   0   0   0   0   0   0   0   0        
MK    71-179   8   2   0   0   0   0   0   0   0   2  14  30  24  18  12        
MK    69-179  16   4   0   0   0   0   3  16  28  48  53  69  69  67  69        
MK    67-179  51  54  28  20  14   0   3   6  24  49  67  79  79  76  79        
MK    65-179   0  42  39  42  15   0  23  42  60  57  84  91  91  91  93        
MK    63-179   0   0   0   0   7   5   0  32  59  77  91  89  88  86  75        
MK    61-179   0   0   0   0   0   0   9  45  68  77  81  84  75  52  63        
MK    59-179   0   0   0   0   0   0   5   0   5  43  43  68  60   9  13        
MK    57-179   0   0   0   0   0   0   0   0   0   0  30  43  20  32   0        
MK    55-179   0   0   0   0   0   0   0   0   0  22   0   0   0   0   0        
MK    53-179   0   0   0   0   0   0   0   0   0   0   0   0   0   0   0        
MK    51-179   0   0   0   0   0   0   0   0   0   0   0   0   0   0   0        
MK    49-179   0   0   0   0   0   0   0   0   0   0   0   0   0   0   0        
MK    47-179   0   0   0   0   0   0   0   0   0   0   0   0   0   0   0        
MK    45-179   0   0   0   0   0   0   0   0   0   0   0   0   0   0   0        
MK    43-179   0   0   0   0   0   0   0   0   0   0   0   0   0   0   0        
MK    41-179   0   0   0   0   0   0   0   0   0   0   0   0   0   0   0        
MK    39-179   0   0   0   0   0   0   0   0   0   0   0   0   0   0   0        
MK    37-179   0   0   0   0   0   0   0   0   0   0   0   0   0   0   0        
MK    35-179   0   0   0   0   0   0   0   0   0   0   0   0   0   0   0        
MK    33-179   0   0   0   0   0   0   0   0   0   0   0   0   0   0   0        
MK    31-179   0   0   0   0   0   0   0   0   0   0   0   0   0   0   0        
MK    29-179   0   0   0   0   0   0   0   0   0   0   0   0   0   0   0        
MK    27-179   0   0   0   0   0   0   0   0   0   0   0   0   0   0   0        
MK    25-179   0   0   0   0   0   0   0   0   0   0   0   0   0   0   0        
MK    23-179   0   0   0   0   0   0   0   0   0   0   0   0   0   0   0        
MK    21-179   0   0   0   0   0   0   0   0   0   0   0   0   0   0   0        
MK    19-179   0   0   0   0   0   0   0   0   0   0   0   0  25   0   0        
MK    17-179   0   0   0   0   0   0   0   0   0   0   0   0   0   0   0        
MK    15-179   0   0   0   0   0   0   0   0   0   0   0   0   0   0   0        
MK    13-179   0   0   0   0   0   0   0   0   0   0   0   0   0   0   0        
MK    11-179   0   0   0   0   0   0   0   0   0   0   0   0   0   0   0        
MK     9-179   0   0   0   0   0   0   0   0   0   0   0   0   0   0   0        
MK     7-179   0   0   0   0   0   0   0   0   0   0   0   0   0   0   0        
MK     5-179   0   0   0   0   0   0   0   0   0   0   0   0   0   0   0        
MK     3-179   0   0   0   0   0   0   0   0   0   0   0   0   0   0   0        
MK     1-179   0   0   0   0   0   0   0   0   0   0   0   0   0   0   0        
MK    -1-179   0   0   0   0   0   0   0   0   0   0   0   0   0   0   0        
MK    -3-179   0   0   0   0   0   0   0   0   0   0   0   0   0   0   0        
MK    -5-179   0   0   0   0   0   0   0   0   0   0   0   0   0   0   0        
MK    -7-179   0   0   0   0   0   0   0   0   0   0   0   0   0   0   0        
MK    -9-179   0   0   0   0   0   0   0   0   0   0   0   0   0   0   0        
MK   -11-179   0   0   0   0   0   0   0   0   0   0   0   0   0   0   0        
MK   -13-179   0   0   0   0   0   0   0   0   0   0   0   0   0   0   0        
MK   -15-179   0   0   0   0   0   0   0   0   0   0   0   0   0   0   0        
MK   -17-179  30   0   0   0   0   0   0   0   0   0   0   0   0   0   0        
MK   -19-179   0   0   0   0   0   0   0   0   0   0   0   0   0   0   0        
MK   -21-179   0   0   0   0   0   0   0   0   0   0   0   0   0   0   0        
MK   -23-179   0   0   0   0   0   0   0   0   0   0   0   0   0   0   0        
MK   -25-179   0   0   0   0   0   0   0   0   0   0   0   0   0   0   0        
MK   -27-179   0   0   0   0   0   0   0   0   0   0   0   0   0   0   0        
MK   -29-179   0   0   0   0   0   0   0   0   0   0   0   0   0   0   0        
MK   -31-179   0   0   0   0   0   0   0   0   0   0   0   0   0   0   0        
MK   -33-179   0   0   0   0   0   0   0   0   0   0   0   0   0   0   0        
MK   -35-179   0   0   0   0   0   0   0   0   0   0   0   0   0   0   0        
MK   -37-179   0   0   0   0   0   0   0   0   0   0   0   0   0   0   0        
MK   -39-179   0   0   0   0   0   0   0   0   0   0   0   0   0   0   0        
MK   -41-179   0   0   0   0   0   0   0   0   0   0   0   0   0   0   0        
MK   -43-179   0   0   0   0   0   0   0   0   0   0   0   0   0   0   0        
MK   -45-179   0   0   0   0   0   0   0   0   0   0   0   0   0   0   0        
MK   -47-179   0   0   0   0   0   0   0   0   0   0   0   0   0   0   0        
MK   -49-179   0   0   0   0   0   0   0   0   0   0   0   0   0   0   0        
MK   -51-179   0   0   0   0   0   0   0   0   0   0   0   0   0   0   0        
MK   -53-179   0   0   0   0   0   0   0   0   0   0   0   0   0   0   0        
MK   -55-179   0   0   0   0   0   0   0   0   0   0   0   0   0   0   0        
MK    83-149   0   0   0   0   0   0   0   0   0   0   0   0   0   0   0        
MK    81-149   0   0   0   0   0   0   0   0   0   0   0   0   0   0   0        
MK    79-149   0   0   0   0   0   0   0   0   0   0   0   0   0   0   0        
MK    77-149   0   0   0   0   0   0   0   0   0   0   0   0   0   2   8        
MK    75-149   0   0   0   0   0   0   0   0   0   0   0   0   3   5  10        
MK    73-149   0   0   0   0   0   0   0   0   0   0   0   0  21  57  57        
MK    71-149   6   6   2   2   0   0   0   0   0   0   2   3   3  15  12        
MK    69-149  69  70  69  79  68  53  30  40  40  46  63  60  56  56  56        
MK    67-149  76  72  72  88  90  89  89  72  86  81  81  77  68  64  43        
MK    65-149  91  94  94  89  86  79  79  79  74  79  76  86  86  68  45        
MK    63-149  77  73  73  80  94  94  94  94  89  94  75  74  89  91  91        
MK    61-149  60  26  51  34  27  49  84  84  89  91  93  89  89  91  86        
MK    59-149   3   0   0   0   5  12  28  32  52  74  79  74  89  94  91        
MK    57-149   0   0   0   0   0   0   0  23  30  57  74  76  74  84  91        
MK    55-149   0   0   0   0   0   0   0   0  19  27  68  72  86  92  93        
MK    53-149   0   0   0   0   0   0   0   0  18   0  49  66  91  91  91        
MK    51-149   0   0   0   0   0   0   0   0   0   0   0  62  68  86  91        
MK    49-149   0   0   0   0   0   0   0   0   0   0   0  10  67  93  92        
MK    47-149   0   0   0   0   0   0   0   0   0   0   0   0   5  86  85        
MK    45-149   0   0   0   0   0   0   0   0   0   0   0   0   5  91  79        
MK    43-149   0   0   0   0   0   0   0   0   0   0   0   0  15  90  72        
MK    41-149   0   0   0   0   0   0   0   0   0   0   0   0  15  90  72        
MK    39-149   0   0   0   0   0   0   0   0   0   0   0   0   0  60  87        
MK    37-149   0   0   0   0   0   0   0   0   0   0   0   0   0   0  23        
MK    35-149   0   0   0   0   0   0   0   0   0   0   0   0   0   0  23        
MK    33-149   0   0   0   0   0   0   0   0   0   0   0   0   0   0   0        
MK    31-149   0   0   0   0   0   0   0   0   0   0   0   0   0   0   0        
MK    29-149   0   0   0   0   0   0   0   0   0   0   0   0   0   0   0        
MK    27-149   0   0   0   0   0   0   0   0   0   0   0   0   0   0   0        
MK    25-149   0   0   0   0   0   0   0   0   0   0   0   0   0   0   0        
MK    23-149   0   0   0   0   0   0   0   0   0   0   0   0   0   0   0        
MK    21-149   0   0   0   0   0   0   0   0   0   0   0   0   0   0   0        
MK    19-149   0   0   0   0   0   0   0   0   0   0   0   0   0   0   0        
MK    17-149   0   0   0   0   0   0   0   0   0   0   0   0   0   0   0        
MK    15-149   0   0   0   0   0   0   0   0   0   0   0   0   0   0   0        
MK    13-149   0   0   0   0   0   0   0   0   0   0   0   0   0   0   0        
MK    11-149   0   0   0   0   0   0   0   0   0   0   0   0   0   0   0        
MK     9-149   0   0   0   0   0   0   0   0   0   0   0   0   0   0   0        
MK     7-149   0   0   0   0   0   0   0   0   0   0   0   0   0   0   0        
MK     5-149   0   0   0   0   0   0   0   0   0   0   0   0   0   0   0        
MK     3-149   0   0   0   0   0   0   0   0   0   0   0   0   0   0   0        
MK     1-149   0   0   0   0   0   0   0   0   0   0   0   0   0   0   0        
MK    -1-149   0   0   0   0   0   0   0   0   0   0   0   0   0   0   0        
MK    -3-149   0   0   0   0   0   0   0   0   0   0   0   0   0   0   0        
MK    -5-149   0   0   0   0   0   0   0   0   0   0   0   0   0   0   0        
MK    -7-149   0   0   0   0   0   0   0   0   0   0   0   0   0   0   0        
MK    -9-149   0   0   0   0   0   0   0   0   0   0   0   0   0   0   0        
MK   -11-149   0   0   0   0   0   0   0   0   0   0   0   0   0   0   0        
MK   -13-149   0   0   0   0   0   0   0   0   0   0   0   0   0   0   0        
MK   -15-149   0   0   0   0   0   0   0   0   0   0   0   0   0   0   0        
MK   -17-149   0   0   0   0   0   0   0   0   0   0   0   0   0   0   0        
MK   -19-149   0   0   0   0   0   0   0   0   0   0   0   0   0   0   0        
MK   -21-149   0   0   0   0   0   0   0   0   0   0   0   0   0   0   0        
MK   -23-149   0   0   0   0   0   0   0   0   0   0   0   0   0   0   0        
MK   -25-149   0   0   0   0   0   0   0   0   0   0   0   0   0   0   0        
MK   -27-149   0   0   0   0   0   0   0   0   0   0   0   0   0   0   0        
MK   -29-149   0   0   0   0   0   0   0   0   0   0   0   0   0   0   0        
MK   -31-149   0   0   0   0   0   0   0   0   0   0   0   0   0   0   0        
MK   -33-149   0   0   0   0   0   0   0   0   0   0   0   0   0   0   0        
MK   -35-149   0   0   0   0   0   0   0   0   0   0   0   0   0   0   0        
MK   -37-149   0   0   0   0   0   0   0   0   0   0   0   0   0   0   0        
MK   -39-149   0   0   0   0   0   0   0   0   0   0   0   0   0   0   0        
MK   -41-149   0   0   0   0   0   0   0   0   0   0   0   0   0   0   0        
MK   -43-149   0   0   0   0   0   0   0   0   0   0   0   0   0   0   0        
MK   -45-149   0   0   0   0   0   0   0   0   0   0   0   0   0   0   0        
MK   -47-149   0   0   0   0   0   0   0   0   0   0   0   0   0   0   0        
MK   -49-149   0   0   0   0   0   0   0   0   0   0   0   0   0   0   0        
MK   -51-149   0   0   0   0   0   0   0   0   0   0   0   0   0   0   0        
MK   -53-149   0   0   0   0   0   0   0   0   0   0   0   0   0   0   0        
MK   -55-149   0   0   0   0   0   0   0   0   0   0   0   0   0   0   0        
MK    83-119   0   0   0   0   0   0   0   0   0   0   0   0   0   0   0        
MK    81-119   0   0   0   0   0   0   0   0   0   0   0   0   0   0   0        
MK    79-119   0   0   0   0   2   0   0   2   7   5   0   8   7   2   4        
MK    77-119  16  10   8   6   8   6   2   4   2   6  12   2  12   6   5        
MK    75-119   5   8  10  25  15  10  23   5   3   8  25   5  24  10  30        
MK    73-119  45  45  30  15  15   9  27  18   3  15  48  54  36  39  12        
MK    71-119   6  21  39  48  54  51  42  45  15   3  12   4  56  36   2        
MK    69-119  42  35  32  35  35  33  27  28  21   7  12  54  14  42  30        
MK    67-119  64  77  68  60  64  52  52  72  72  64  56  62  56  51  54        
MK    65-119  68  72  72  76  60  60  77  77  91  86  69  79  68  48  51        
MK    63-119  81  76  62  76  59  67  69  79  79  49  67  69  76  53  18        
MK    61-119  84  79  30  50  76  81  76  67  67  67  67  67  74   5   0        
MK    59-119  86  94  94  89  62  57  76  72  67  76  67  76  62   5   0        
MK    57-119  91  91  91  91  91  76  76  86  57  81  81  86  86  69  54        
MK    55-119  94  91  81  86  86  76  67  72  72  62  86  67  86  86  89        
MK    53-119  86  86  86  86  91  77  77  81  86  57  38  53  81  81  77        
MK    51-119  91  83  88  94  91  68  83  77  83  91  48  67  81  68  77        
MK    49-119  91  88  84  88  93  70  70  70  69  69  68  91  49  53  77        
MK    47-119  69  80  78  80  80  60  59  70  69  67  70  70  72  63  46        
MK    45-119  79  79  80  76  76  75  65  70  75  79  69  69  63  68  68        
MK    43-119  69  74  79  68  79  69  70  70  65  59  69  70  69  68  68        
MK    41-119  48  50  50  34  70  55  59  75  70  73  68  68  69  68  68        
MK    39-119  48  50  50  49  64  55  73  75  70  70  68  68  69  68  89        
MK    37-119  45  50  49  50  59  55  75  75  70  70  69  68  68  88  88        
MK    35-119  45  50  51  50  54  55  65  75  60  60  59  67  87  89  67        
MK    33-119   0  18  24  25  40  50  49  60  60  50  49  67  88  88  86        
MK    31-119   0   3  17  15  25  49  25  60  60  50  50  69  81  86  81        
MK    29-119   0   0  10  13  22  50  50  50  49  69  54  43  41  18  32        
MK    27-119   0   0   5  17   9  40  50  49  49  49  49  23   0   0   0        
MK    25-119   0   0   0   0  13   5  43  49  50  50  49  10   0   0   0        
MK    23-119   0   0   0   0   3   4  10  43  50  50  49   8   0   0   0        
MK    21-119   0   0   0   0   0   0   0  15  48  49  49  25   0   0  14        
MK    19-119   0   0   0   0   0   0   0  15  51  49  70  60  18  18  63        
MK    17-119   0   0   0   0   0   0   0   0   0  28  50  67  81  89  89        
MK    15-119   0   0   0   0   0   0   0   0   0   7   0   0   0  36  81        
MK    13-119   0   0   0   0   0   0   0   0   0   0   0   0   0   0   0        
MK    11-119   0   0   0   0   0   0   0   0   0   0   0   0   0   0   0        
MK     9-119   0   0   0   0   0   0   0   0   0   0   0   0   0   0   0        
MK     7-119   0   0   0   0   0   0   0   0   0   0   0   0   0   0   0        
MK     5-119   0   0   0   0   0   0   0   0   0   0   0   0   0   0   0        
MK     3-119   0   0   0   0   0   0   0   0   0   0   0   0   0   0   0        
MK     1-119   0   0   0   0   0   0   0   0   0   0   0   0   0   0   0        
MK    -1-119   0   0   0   0   0   0   0   0   0   0   0   0   0   0   0        
MK    -3-119   0   0   0   0   0   0   0   0   0   0   0   0   0   0   0        
MK    -5-119   0   0   0   0   0   0   0   0   0   0   0   0   0   0   0        
MK    -7-119   0   0   0   0   0   0   0   0   0   0   0   0   0   0   0        
MK    -9-119   0   0   0   0   0   0   0   0   0   0   0   0   0   0   0        
MK   -11-119   0   0   0   0   0   0   0   0   0   0   0   0   0   0   0        
MK   -13-119   0   0   0   0   0   0   0   0   0   0   0   0   0   0   0        
MK   -15-119   0   0   0   0   0   0   0   0   0   0   0   0   0   0   0        
MK   -17-119   0   0   0   0   0   0   0   0   0   0   0   0   0   0   0        
MK   -19-119   0   0   0   0   0   0   0   0   0   0   0   0   0   0   0        
MK   -21-119   0   0   0   0   0   0   0   0   0   0   0   0   0   0   0        
MK   -23-119   0   0   0   0   0   0   0   0   0   0   0   0   0   0   0        
MK   -25-119   0   0   0   0   0   0   0   0   0   0   0   0   0   0   0        
MK   -27-119   0   0   0   0   0   0   0   0   0   0   0   0   0   0   0        
MK   -29-119   0   0   0   0   0   0   0   0   0   0   0   0   0   0   0        
MK   -31-119   0   0   0   0   0   0   0   0   0   0   0   0   0   0   0        
MK   -33-119   0   0   0   0   0   0   0   0   0   0   0   0   0   0   0        
MK   -35-119   0   0   0   0   0   0   0   0   0   0   0   0   0   0   0        
MK   -37-119   0   0   0   0   0   0   0   0   0   0   0   0   0   0   0        
MK   -39-119   0   0   0   0   0   0   0   0   0   0   0   0   0   0   0        
MK   -41-119   0   0   0   0   0   0   0   0   0   0   0   0   0   0   0        
MK   -43-119   0   0   0   0   0   0   0   0   0   0   0   0   0   0   0        
MK   -45-119   0   0   0   0   0   0   0   0   0   0   0   0   0   0   0        
MK   -47-119   0   0   0   0   0   0   0   0   0   0   0   0   0   0   0        
MK   -49-119   0   0   0   0   0   0   0   0   0   0   0   0   0   0   0        
MK   -51-119   0   0   0   0   0   0   0   0   0   0   0   0   0   0   0        
MK   -53-119   0   0   0   0   0   0   0   0   0   0   0   0   0   0   0        
MK   -55-119   0   0   0   0   0   0   0   0   0   0   0   0   0   0   0        
MK    83 -89   0   0   0   0   0   0   0   0   0   0   0   0   0   0   0        
MK    81 -89   0   0   0   0   0   0   0   0   0   0   0   0   0   0   0        
MK    79 -89   8  12  14  17   8   0   0   2   0   0   0   0   0   0   0        
MK    77 -89   4  14  16  24  18   0   0   0   0   0   2   0   0   0   0        
MK    75 -89  20  20   5   5   3   2   0   0   0   0   0   0   0   0   0        
MK    73 -89  27  45  27  45  27  12  12   0   0   0   0   0   0   0   0        
MK    71 -89  21  45  45  57  51  14  14  20  12  11   6   3   0   0   0        
MK    69 -89  24   3  36  48   6   4  10  24  24  28  22  12   0   0   0        
MK    67 -89  54  39  45  45   9   0  13  13  23  35  40  30  14   5   0        
MK    65 -89  48  30  48  24   3   0  30  15  35  38  45  35  18   2   0        
MK    63 -89   0   3  15  12   9   9  21  10   8  20  33  36  22   0   0        
MK    61 -89   0   0   0   0   0   7  45  48  45  36   6   0  12   0   0        
MK    59 -89   0   0   0   0   0  11  60  63  67  67  35  14  56  27   0        
MK    57 -89  36   5   0   0   0   0  40  68  77  83  77  77  83  68  23        
MK    55 -89  81  77  59  50   0  29  81  95  86  91  86  76  86  68  64        
MK    53 -89  81  81  88  77  18  43  86  91  91  86  86  86  86  86  81        
MK    51 -89  81  81  86  88  68  76  86  86  86  91  91  86  81  81  81        
MK    49 -89  54  59  81  81  86  86  86  81  91  91  80  60  41  23   0        
MK    47 -89  41  27  59  77  81  81  77  81  86  81  81  89  54  18  18        
MK    45 -89  68  14  59  18  32  81  77  86  81  86  72  45  59  50  18        
MK    43 -89  67  11  68  53  68  50  63  89  88  63   0   0   9   0   0        
MK    41 -89  68  60  68  56  77  89  89  88  45   0   0   0   0   0   0        
MK    39 -89  86  69  88  88  88  89  72  50   0   0   0   0   0   0   0        
MK    37 -89  88  88  88  88  88  89  59   9   0   0   0   0   0   0   0        
MK    35 -89  67  88  86  86  86  89  59   9   0   0   0   0   0   0   0        
MK    33 -89  89  89  88  89  77  32   0   0   0   0   0   0   0   0   0        
MK    31 -89  59  32  81  86  23   0   0   0   0   0   0   0   0   0   0        
MK    29 -89   9   0   2  45  45   0   0   0   0   0   0   0   0   0   0        
MK    27 -89   0   0   0  14  72   0   0   0   0   0   0   0   0   0   0        
MK    25 -89   0   0   0   0  24   0   0   0   0   0   0   0   0   0   0        
MK    23 -89   0   0   0  29  43  34   0   0   0   0   0   0   0   0   0        
MK    21 -89  57  49   0  10  10  34  62  49   0   0   0   0   0   0   0        
MK    19 -89  77  64   0   0   0  10  24  10   0  79  40  25   0   0   0        
MK    17 -89  59   0   0   0   0   0   0   0   0   0   0   0   0   0   0        
MK    15 -89  77  72  72  24   0   0   0   0   0   0   0   0   0   0   0        
MK    13 -89  36  63  88  29   0   0   0   0   0  10   0   0   0   0   0        
MK    11 -89   0  77  72  24   0   0   0  50  42  49  49  25  14  28  16        
MK     9 -89   0   0  18  62  35  38  34  80  57  63  86  86  81  81  48        
MK     7 -89   0   0   0   0  25   0  67  93  49  97  86  86  78  68  97        
MK     5 -89   0   0   0   0   0   0  62  93  49  98  97  98  98  98  95        
MK     3 -89   0   0   0   0   0  20  72  94  75  99  96  97  99  99  95        
MK     1 -89   0   0   0   0   0  64  93  98  99  99  97  97  99  99  99        
MK    -1 -89   0   0   0   0  14  64  98  98  98  99  99  99  99  99  99        
MK    -3 -89   0   0   0   0   7  45  98  98  98  97  99  99  99  99  99        
MK    -5 -89   0   0   0   0  13  20  97  97  98  99  99  99  99  99  99        
MK    -7 -89   0   0   0   0   4  15  59  98  98  99  99  99  99  99  99        
MK    -9 -89   0   0   0   0   0   6  38  59  98  99  99  99  99  99  99        
MK   -11 -89   0   0   0   0   0   0  32  40  97  90  99  99  99  99  99        
MK   -13 -89   0   0   0   0   0   0   5  40  68  68  95  80  90  89  80        
MK   -15 -89   0   0   0   0   0   0   2  13  39  29  34  81  77  88  91        
MK   -17 -89   0   0   0   0   0   0   0   0   6  24  36  89  94  86  81        
MK   -19 -89   0   0   0   0   0   0   0   0   0   0  40  45  29  67  72        
MK   -21 -89   0   0   0   0   0   0   0   0   0   0  20  30  39  67  67        
MK   -23 -89   0   0   0   0   0   0   0   0   0   0  20  30  79  70  70        
MK   -25 -89   0   0   0   0   0   0   0   0   0   4  30  30  80  70  70        
MK   -27 -89   0   0   0   0   0   0   0   0   0   6  27  40  70  70  70        
MK   -29 -89   0   0   0   0   0   0   0   0   0  14  40  60  65  84  76        
MK   -31 -89   0   0   0   0   0   0   0   0   0  24  49  60  70  84  76        
MK   -33 -89   0   0   0   0   0   0   0   0   0  72  40  60  48  59  67        
MK   -35 -89   0   0   0   0   0   0   0   0  16  80  30  50  60  69  69        
MK   -37 -89   0   0   0   0   0   0   0   0  56  68  50  60  70  69  80        
MK   -39 -89   0   0   0   0   0   0   0   0  56  67  59  60  80  76  32        
MK   -41 -89   0   0   0   0   0   0   0   0  56  63  66  70  48  32   0        
MK   -43 -89   0   0   0   0   0   0   0  16  60  76  83  69  38  12   0        
MK   -45 -89   0   0   0   0   0   0   0  23  66  76  77  48  17   0   0        
MK   -47 -89   0   0   0   0   0   0   0  28  53  73  89  54   9   0   0        
MK   -49 -89   0   0   0   0   0   0   0  35  39  72  78  18   0   0   0        
MK   -51 -89   0   0   0   0   0   0   0  16  35  83  34   0   0   0   3        
MK   -53 -89   0   0   0   0   0   0   0  16  28  36  63   5   0   0   2        
MK   -55 -89   0   0   0   0   0   0   0   0   0  10  33  24   9   0   0        
MK    83 -59   0   0   0   0   0   0   0   0   0   0   0   0   0   0   0        
MK    81 -59   0   0   0   0   0   0   0   0   0   0   0   0   0   0   0        
MK    79 -59   0   0   0   0   0   0   0   0   0   0   0   0   0   0   0        
MK    77 -59   0   0   0   0   0   0   0   0   0   0   0   0   0   0   0        
MK    75 -59   0   0   0   0   0   0   0   0   0   0   0   0   0   0   0        
MK    73 -59   0   0   0   0   0   0   0   0   0   0   0   0   0   0   0        
MK    71 -59   0   0   0   0   8   0   0   0   0   0   0   0   0   0   0        
MK    69 -59   0   0   0   0   0   0   0   0   0   0   0   0   0   5   0        
MK    67 -59   0   0   0  11  18   0   0   0   0   0   0   0   0   0   0        
MK    65 -59   0   0   0   3  20   3   0   0   0   0   0   0   0   0   0        
MK    63 -59   0   0   0   0   6   3   0   0   0   3   0   0   0   0   0        
MK    61 -59   0   0   0   0   0   5   3  12   0   0   0   0   0   0   0        
MK    59 -59   0   0   0   0   0   0   0   0   0   0   0   0   0   0   0        
MK    57 -59   0   0   0   0   0   0   0   0   0   0   0   0   0   0   0        
MK    55 -59  40   8   0   0   0   0   0   0   0   0   0   0   0   0   0        
MK    53 -59  72  77   0   0   0   0   0   0   0   0   0   0   0   0   0        
MK    51 -59  45  45   9   0   0   0   0   0   0   0   0   0   0   0   0        
MK    49 -59  18  77  68  18   0   0   0   0   0   0   0   0   0   0   0        
MK    47 -59   9  18  32  23   0   0   0   0   0   0   0   0   0   0   0        
MK    45 -59   0   0   0   0   0   0   0   0   0   0   0   0   0   0   0        
MK    43 -59   0   0   0   0   0   0   0   0   0   0   0   0   0   0   0        
MK    41 -59   0   0   0   0   0   0   0   0   0   0   0   0   0   0   0        
MK    39 -59   0   0   0   0   0   0   0   0   0   0   0   0   0   0   0        
MK    37 -59   0   0   0   0   0   0   0   0   0   0   0   0   0   0   0        
MK    35 -59   0   0   0   0   0   0   0   0   0   0   0   0   0   0   0        
MK    33 -59   0   0   0   0   0   0   0   0   0   0   0   0   0   0   0        
MK    31 -59   0   0   0   0   0   0   0   0   0   0   0   0   0   0   0        
MK    29 -59   0   0   0   0   0   0   0   0   0   0   0   0   0   0   0        
MK    27 -59   0   0   0   0   0   0   0   0   0   0   0   0   0   0   0        
MK    25 -59   0   0   0   0   0   0   0   0   0   0   0   0   0   0   0        
MK    23 -59   0   0   0   0   0   0   0   0   0   0   0   0   0   0   0        
MK    21 -59   0   0   0   0   0   0   0   0   0   0   0   0   0   0   0        
MK    19 -59   0   0   0   0   0   0   0   0   0   0   0   0   0   0   0        
MK    17 -59   0   0   0   0   0   0   0   0   0   0   0   0   0   0   0        
MK    15 -59   0   0   0   0   0   0   0   0   0   0   0   0   0   0   0        
MK    13 -59   0   0   0   0   0   0   0   0   0   0   0   0   0   0   0        
MK    11 -59   0   0   0   0   0   0   0   0   0   0   0   0   0   0   0        
MK     9 -59  10   0   0   0   0   0   0   0   0   0   0   0   0   0   0        
MK     7 -59  80  20   0   0   0   0   0   0   0   0   0   0   0   0   0        
MK     5 -59  99  97  95  70  10   0   0   0   0   0   0   0   0   0   0        
MK     3 -59  97  99  99  99  60   0   0   0   0   0   0   0   0   0   0        
MK     1 -59  99  99  99  99  99   0   0   0   0   0   0   0   0   0   0        
MK    -1 -59  99  99  89  76  36  67   0   0   0   0   0   0   0   0   0        
MK    -3 -59  99  99  99  99  99  96  98  81  76  54  28   0   0   0   0        
MK    -5 -59  99  99  99  99  98  98  97  94  94  89  40  36  12   0   0        
MK    -7 -59  99  99  99  99  98  98  94  94  80  60  40  40  30   0   0        
MK    -9 -59  99  99  99  99  94  94  94  79  50  40  40  40  16   0   0        
MK   -11 -59  99  97  97  98  94  91  94  70  40  40  40  24   0   0   0        
MK   -13 -59  93  94  99  99  84  84  76  59  40  50  28  28   0   0   0        
MK   -15 -59  94  94  94  89  79  76  67  70  60  20  30   0   0   0   0        
MK   -17 -59  81  72  86  89  84  79  89  90  85  80  32   0   0   0   0        
MK   -19 -59  67  72  86  88  79  69  74  74  70  42   0   0   0   0   0        
MK   -21 -59  76  77  86  89  73  68  74  74  70  42   0   0   0   0   0        
MK   -23 -59  81  94  94  79  74  80  81  60  40  12   0   0   0   0   0        
MK   -25 -59  74  81  94  94  94  73  18   0   0   0   0   0   0   0   0        
MK   -27 -59  74  81  78  84  94  63   0   0   0   0   0   0   0   0   0        
MK   -29 -59  76  78  90  84  89  27   0   0   0   0   0   0   0   0   0        
MK   -31 -59  76  79  79  69  49   0   0   0   0   0   0   0   0   0   0        
MK   -33 -59  90  69  69  49   0   0   0   0   0   0   0   0   0   0   0        
MK   -35 -59  63  28  28   4   0   0   0   0   0   0   0   0   0   0   0        
MK   -37 -59  80  80   0   0   0   0   0   0   0   0   0   0   0   0   0        
MK   -39 -59  24  24   0   0   0   0   0   0   0   0   0   0   0   0   0        
MK   -41 -59   0   0   0   0   0   0   0   0   0   0   0   0   0   0   0        
MK   -43 -59   0   0   0   0   0   0   0   0   0   0   0   0   0   0   0        
MK   -45 -59   0   0   0   0   0   0   0   0   0   0   0   0   0   0   0        
MK   -47 -59   0   0   0   0   0   0   0   0   0   0   0   0   0   0   0        
MK   -49 -59   0   0   0   0   0   0   0   0   0   0   0   0   0   0   0        
MK   -51 -59   8   2   0   0   0   0   0   0   0   0   0   0   0   0   0        
MK   -53 -59   2   0   0   0   0   0   0   0   0   0   0   0   0   0   0        
MK   -55 -59   0   0   0   0   0   0   0   0   0   0   0   0   0   0   0        
MK    83 -29   0   0   0   0   0   0   0   0   0   0   0   0   0   0   0        
MK    81 -29   0   0   0   0   0   0   0   0   0   0   0   0   0   0   0        
MK    79 -29   0   0   0   0   0   0   0   0   0   0   0   0   0   0   0        
MK    77 -29   0   0   0   0   0   0   0   0   0   0   0   0   0   0   0        
MK    75 -29   0   0   0   0   0   0   0   0   0   0   0   0   0   0   0        
MK    73 -29   5   0   3   7   2   0   0   0   0   0   0   0   0   0   0        
MK    71 -29   0   0   0   6   0   0   0   0   0   0   0   0   0   0   0        
MK    69 -29   0   0   0   0   0   0   0   0   0   0   0   0   0   0   0        
MK    67 -29   0   0   0   3   0   2   2   2   0   0   0   0   0   0   0        
MK    65 -29   0   0   2  12  53  56  41  20   2   0   0   0   0   0   0        
MK    63 -29   0   0   0   2   3   6   3   0   0   0   0   0   0   0   0        
MK    61 -29   0   0   0   0   0   0   0   0   0   0   0   0   0   0   0        
MK    59 -29   0   0   0   0   0   0   0   0   0   0   0  14  14  11   0        
MK    57 -29   0   0   0   0   0   0   0   0   0   0   0   0  56  53   0        
MK    55 -29   0   0   0   0   0   0   0   0   0   0  21  42  28  53  35        
MK    53 -29   0   0   0   0   0   0   0   0   0   0  56  60  11  56  88        
MK    51 -29   0   0   0   0   0   0   0   0   0   0  14   0  14  49  46        
MK    49 -29   0   0   0   0   0   0   0   0   0   0   0   0  11  25  60        
MK    47 -29   0   0   0   0   0   0   0   0   0   0   0   0   0  18  73        
MK    45 -29   0   0   0   0   0   0   0   0   0   0   0   0   0   0  51        
MK    43 -29   0   0   0   0   0   0   0   0   0   0  28  60  56  49  63        
MK    41 -29   0   0   0   0   0   0   0   0   0   0  32  78  78  78  78        
MK    39 -29   0   0   0   0   0   0   0   0   0   0  40  78  78  79  68        
MK    37 -29   0   0   0   0   0   0   0   0   0   0  16  35  57  28  11        
MK    35 -29   0   0   0   0   0   0   0   0   0   0   0  12  53  42  53        
MK    33 -29   0   0   0   0   0   0   0   0   0   0  21  60  70  20  20        
MK    31 -29   0   0   0   0   0   0   0   0   0   0   0   0   0   0   0        
MK    29 -29   0   0   0   0   0   0   0   0   0   0   0   0   0   0   0        
MK    27 -29   0   0   0   0   0   0   0   0   0   0   0   0   0   0   0        
MK    25 -29   0   0   0   0   0   0   0   0   0   0   0   0   0   0   0        
MK    23 -29   0   0   0   0   0   0   0   0   0   0   0   0   0   0   0        
MK    21 -29   0   0   0   0   0   0   9  20  15   0   0   0   0   0   0        
MK    19 -29   0   0   0   0   0   0   7  25  25  20  15  15   0  15   0        
MK    17 -29   0   0   0   0   0   0  12  40  35  35  25  25  25  25  25        
MK    15 -29   0   0   0   0   0   0  28  55  65  70  45  40  43  39  40        
MK    13 -29   0   0   0   0   0   0  27  74  75  75  60  55  60  55  55        
MK    11 -29   0   0   0   0   0   0   0  43  79  80  75  65  70  70  65        
MK     9 -29   0   0   0   0   0   0   0   0  60  85  85  80  80  84  73        
MK     7 -29   0   0   0   0   0   0   0   0   9  68  89  90  89  89  83        
MK     5 -29   0   0   0   0   0   0   0   0   0   0  39  62  53  48  46        
MK     3 -29   0   0   0   0   0   0   0   0   0   0   0   0   0   0   0        
MK     1 -29   0   0   0   0   0   0   0   0   0   0   0   0   0   0   0        
MK    -1 -29   0   0   0   0   0   0   0   0   0   0   0   0   0   0   0        
MK    -3 -29   0   0   0   0   0   0   0   0   0   0   0   0   0   0   0        
MK    -5 -29   0   0   0   0   0   0   0   0   0   0   0   0   0   0   0        
MK    -7 -29   0   0   0   0   0   0   0   0   0   0   0   0   0   0   0        
MK    -9 -29   0   0   0   0   0   0   0   0   0   0   0   0   0   0   0        
MK   -11 -29   0   0   0   0   0   0   0   0   0   0   0   0   0   0   0        
MK   -13 -29   0   0   0   0   0   0   0   0   0   0   0   0   0   0   0        
MK   -15 -29   0   0   0   0   0   0   0   0   0   0   0   0   0   0   0        
MK   -17 -29   0   0   0   0   0   0   0   0   0   0   0   0   0   0   0        
MK   -19 -29   0   0   0   0   0   0   0   0   0   0   0   0   0   0   0        
MK   -21 -29   0   0   0   0   0   0   0   0   0   0   0   0   0   0   0        
MK   -23 -29   0   0   0   0   0   0   0   0   0   0   0   0   0   0   0        
MK   -25 -29   0   0   0   0   0   0   0   0   0   0   0   0   0   0   0        
MK   -27 -29   0   0   0   0   0   0   0   0   0   0   0   0   0   0   0        
MK   -29 -29   0   0   0   0   0   0   0   0   0   0   0   0   0   0   0        
MK   -31 -29   0   0   0   0   0   0   0   0   0   0   0   0   0   0   0        
MK   -33 -29   0   0   0   0   0   0   0   0   0   0   0   0   0   0   0        
MK   -35 -29   0   0   0   0   0   0   0   0   0   0   0   0   0   0   0        
MK   -37 -29   0   0   0   0   0   0   0   0   0   0   0   0   0   0   0        
MK   -39 -29   0   0   0   0   0   0   0   0   0   0   0   0   0   0   0        
MK   -41 -29   0   0   0   0   0   0   0   0   0   0   0   0   0   0   0        
MK   -43 -29   0   0   0   0   0   0   0   0   0   0   0   0   0   0   0        
MK   -45 -29   0   0   0   0   0   0   0   0   0   0   0   0   0   0   0        
MK   -47 -29   0   0   0   0   0   0   0   0   0   0   0   0   0   0   0        
MK   -49 -29   0   0   0   0   0   0   0   0   0   0   0   0   0   0   0        
MK   -51 -29   0   0   0   0   0   0   0   0   0   0   0   0   0   0   0        
MK   -53 -29   0   0   0   0   0   0   0   0   0   0   0   0   0   0   0        
MK   -55 -29   0   0   0   0   0   0   0   0   0   0   0   0   0   0   0        
