PA 2  90   0-444-444-444-444-444-444-444-444-444-444-444-444-444-444-444        
PA 2  88   0-444-444-444-444-444-444-444-444-444-444-444-444-444-444-444        
PA 2  86   0-444-444-444-444-444-444-444-444-444-444-444-444-444-444-444        
PA 2  84   0-444-444-444-444-444-444-444-444-444-444-444-444-444-444-444        
PA 2  82   0-444-444-444-444-444-444-444-444-444-444-444-444-444-444-444        
PA 2  80   0-444-444-444-444-444-444-444-444-444-555-555-555-555-555-555        
PA 2  78   0-444-444-444-444-444-444-555-555-555-555-555-555-555-555-555        
PA 2  76   0-444-444-444-444-444-444-444-444-555-555-555-555-555-555-555        
PA 2  74   0-444-444-444-444-444-444-444-444-444-555-555-555-555-555-555        
PA 2  72   0-444-444-444-444-444-444-444-444-444-555-555-555-555-555-555        
PA 2  70   0-444-444-444-444-444-444-444-444-444-555-555-555-555-555-555        
PA 2  68   0-444-444-444-444-444-444-444-555-555-555-555-555-555-555-555        
PA 2  66   0-444-444-444-444-444-555-555-555-555-555-555-555-555-555-555        
PA 2  64   0-444-444-444-444-555-555-555-555-555-555-555-555-555-555-555        
PA 2  62   0-444-444-555-555-555-555-555-555-555-555-555-555-555-555-555        
PA 2  60   0-555-555-555-555-555-555-555-555-555-555-555-555-555-555-555        
PA 2  58   0-555-555-555-555-555-555-555-555-555-555-555-555-555-555-555        
PA 2  56   0-555-555-999-999-999-555-555-555-555-555-555-555-555-555-555        
PA 2  54   0-999-999-999-999-999-999-555-555-555-555-555-555-555-555-999        
PA 2  52   0-999-999-999-999-999-999-999-999-999-999-999-999-999-999-999        
PA 2  50   0-999-999-999-999-999-999-999-999-999-999-999-999-999-999-999        
PA 2  48   0-999-999-999-999-999-999-999-999-999-999-999-999-999-999-999        
PA 2  46   0-999-999-999-999-999-999-999-999-999-999-999-999-999-999-999        
PA 2  44   0-999-999-999-999  86-999-999-999-999-999-999-999-999-999-999        
PA 2  42   0-999-999  74  85  87  87  87-999-999  85-999-999-999-999-999        
PA 2  40   0-999 100 102 102 103 103 100  98-999  90-999-999  83-999-999        
PA 2  38   0 112 112 112 113 116 117 116-999 107 102  94-999  83  83-999        
PA 2  36   0-999-999-999-999-999-999 128 127 120 112 104  90  81  78  91        
PA 2  34   0-999-999-999-999-999-999-999 142 141 135 125 120  95  90 120        
PA 2  32   0-999-999-999-999-999-999-999-999 143 143 142-999-999 138 141        
PA 2  30   0-999-999-999-999-999-999-999-999-999-999-999-999-999-999-999        
PA 2  28   0-999-999-999-999-999-999-999-999-999-999-999-999-999-999-999        
PA 2  26   0-999-999-999-999-999-999-999-999-999-999-999-999-999-999-999        
PA 2  24   0-999-999-999-999-999-999-999-999-999-999-999-999-999-999-999        
PA 2  22   0-999-999-999-999-999-999-999-999-999-999-999-999-999-999-999        
PA 2  20   0-999-999-999-999-999-999-999-999-999-999-999-999-999-999-999        
PA 2  18   0-999-999-999-999-999-999-999-999-999-999-999-999-999-999-999        
PA 2  16   0-999-999-999-999-999-999-999-999-999-999-999-999-999-999-999        
PA 2  14   0-999-999-999-999-999-999-999-999-999-999-999-999-999-999-999        
PA 2  12   0-999-999-999-999-999-999-999-999-999-999-999-999-999-999-999        
PA 2  10   0-999-999-999-999-999-999-999-999-999-999-999-999-999-999-999        
PA 2   8   0-999-999-999-999-999-999-999-999-999-999-999-999-999-999-999        
PA 2   6   0-999 276 278-999-999-999-999-999-999-999-999-999-999-999-999        
PA 2   4   0 269 277 282 279 280-999-999-999-999-999-999-999-999-999-999        
PA 2   2   0 265 267 271 280 282-999-999-999-999-999-999-999-999-999-999        
PA 2   0   0 259 261 263 268 281-999-999-999-999-999-999-999-999-999-999        
PA 2  -2   0 254 255 256 258 260-999-999-999-999-999-999-999-999-999-999        
PA 2  -4   0 249 250 252 253 254 256-999-999-999-999-999-999-999-999-999        
PA 2  -6   0 245 246 247 248 249 250 249-999-999-999-999-999-999-999-999        
PA 2  -8   0 242 243 243 244 244 245 246-999-999-999-999-999-999-999-999        
PA 2 -10   0 238 238 239 239 240 242 243-999-999-999-999-999-999-999-999        
PA 2 -12   0 234 234 234 233 233 234 235-999-999-999-999-999-999-999-999        
PA 2 -14   0 231 229 229 228 227 225 220-999-999-999-999-999-999-999-999        
PA 2 -16   0 227 225 224 222 220 212 207-999-999-999-999-999-999-999-999        
PA 2 -18   0 226 223 221 215 206 197 192-999-999-999-999-999-999-999-999        
PA 2 -20   0 225 222 220 210 200 184 170-999-999-999-999-999-999-999-999        
PA 2 -22   0 225 223 221 208 194 179 165-999-999-999-999-999-999-999-999        
PA 2 -24   0 225 223 221 210 196 180 165 160-999-999-999-999-999-999-999        
PA 2 -26   0 223 221 220 209 197 190 170 162-999-999-999-999-999-999-999        
PA 2 -28   0 221 215 208 202 197 193 185 170-999-999-999-999-999-999-999        
PA 2 -30   0 208 203 199 198 194 194 192 188 178-999-999-999-999-999-999        
PA 2 -32   0 197 195 195 193 193 194 194 192 190-999-999-999-999-999-999        
PA 2 -34   0 184 184 185 186 187 188 191 194 194 190-999-999-999-999 202        
PA 2 -36   0 165 167 169 171 174 178 183 188 192 201 202 202 202 200 194        
PA 2 -38   0 140 141 146 150 154 158 162 170 175 180 184 185 181 178 175        
PA 2 -40   0 121 120 120 120 120 120 127 136 142 149 150 152 152 150 148        
PA 2 -42   0  92  90  89  88  85  86  88  90  93 100 103 109 111 112 110        
PA 2 -44   0  67  66  66  66  65  65  65  65  66  67  70  73  78  80  80        
PA 2 -46   0  50  50  49  49  49  49  49  49  49  49  49  49  49  49  49        
PA 2 -48   0  31  32  32  32  30  36  40  40  40  40  40  39  38  38  37        
PA 2 -50   0   8   9   9   9   9  10  10  10  12  13  14  15  16  19  20        
PA 2 -52   0-444-444-444-444-444-444-444-444-444-444-444-444-444-444-444        
PA 2 -54   0-444-444-444-444-444-444-444-444-444-444-444-444-444-444-444        
PA 2 -56   0-444-444-444-444-444-444-444-444-444-444-444-444-444-444-444        
PA 2 -58   0-444-444-444-444-444-444-444-444-444-444-444-444-444-444-444        
PA 2 -60   0-444-444-444-444-444-444-444-444-444-444-444-444-444-444-444        
PA 2 -62   0-444-444-444-444-444-444-444-444-444-444-444-444-444-444-444        
PA 2 -64   0-444-444-444-444-444-444-444-444-444-444-444-444-444-444-444        
PA 2 -66   0-444-444-444-444-444-444-444-444-444-444-444-444-444-444-444        
PA 2 -68   0-444-444-444-444-444-444-444-444-444-444-444-444-444-444-444        
PA 2 -70   0-555-555-555-555-555-444-555-555-555-555-555-444-444-444-555        
PA 2 -72   0-555-555-555-555-555-555-555-555-555-555-555-555-555-555-555        
PA 2 -74   0-555-555-555-555-555-555-555-555-555-555-555-555-555-555-555        
PA 2 -76   0-555-555-555-555-555-555-555-555-555-555-555-555-555-555-555        
PA 2 -78   0-555-555-555-555-555-555-555-555-555-555-555-555-555-555-555        
PA 2 -80   0-555-555-555-555-555-555-555-555-555-555-555-555-555-555-555        
PA 2 -82   0-555-555-555-555-555-555-555-555-555-555-555-555-555-555-555        
PA 2 -84   0-555-555-555-555-555-555-555-555-555-555-555-555-555-555-555        
PA 2 -86   0-555-555-555-555-555-555-555-555-555-555-555-555-555-555-555        
PA 2 -88   0-555-555-555-555-555-555-555-555-555-555-555-555-555-555-555        
PA 2 -90   0-555-555-555-555-555-555-555-555-555-555-555-555-555-555-555        
PA 2  90  30-444-444-444-444-444-444-444-444-444-444-444-444-444-444-444        
PA 2  88  30-444-444-444-444-444-444-444-444-444-444-444-444-444-444-444        
PA 2  86  30-444-444-444-444-444-444-444-444-444-444-444-444-444-444-444        
PA 2  84  30-444-444-444-444-444-444-444-444-444-444-444-444-444-444-444        
PA 2  82  30-444-444-444-444-444-444-444-444-444-444-444-555-555-555-555        
PA 2  80  30-555-555-555-555-555-555-555-555-555-555-555-555-555-555-555        
PA 2  78  30-555-555-555-555-555-555-555-555-555-555-555-555-555-555-555        
PA 2  76  30-555-555-555-555-555-555-555-555-555-555-555-555-555-555-555        
PA 2  74  30-555-555-555-555-555-555-555-555-555-555-555-555-555-555-555        
PA 2  72  30-555-555-555-555-555-555-555-555-555-555-555-555-555-555-555        
PA 2  70  30-555-555-555-555-555-555-555-555-555-555-555-555-555-555-555        
PA 2  68  30-555-555-555-555-555-555-555-555-555-555-555-555-555-555-555        
PA 2  66  30-555-555-555-555-555-555-555-555-555-555-999-999-999-999-999        
PA 2  64  30-555-555-555-555-555-555-555-555-999-999-999-999-999-999-999        
PA 2  62  30-555-555-555-555-555-555-999-999-999-999-999-999-999-999-999        
PA 2  60  30-555-555-555-555-555-999-999-999-999-999-999-999-999-999-999        
PA 2  58  30-555-555-555-999-999-999-999-999-999-999-999-999-999-999-999        
PA 2  56  30-555-999-999-999-999-999-999-999-999-999-999-999-999-999-999        
PA 2  54  30-999-999-999-999-999-999-999-999-999-999-999-999-999-999-999        
PA 2  52  30-999-999-999-999-999-999-999-999-999-999-999-999-999-999-999        
PA 2  50  30-999-999-999-999-999-999-999-999-999-999-999-999-999-999-999        
PA 2  48  30-999-999-999-999-999-999-999-999-999-999-999-999-999-999-999        
PA 2  46  30-999-999-999-999-999-999-999-999-999-999-999-999-999-999-999        
PA 2  44  30-999-999-999-999-999-999-999-999-999-999-999-999-999-999-999        
PA 2  42  30-999-999-999-999-999-999-999-999-999-999-999-999-999-999-999        
PA 2  40  30-999-999-999-999-999-999-999-999-999-999-999-999-999-999-999        
PA 2  38  30-999-999-999-999-999-999-999-999-999-999-999-999-999-999-999        
PA 2  36  30 113 119 134-999-999-999-999-999-999-999-999-999-999-999-999        
PA 2  34  30 124 140 142-999-999-999-999-999-999-999-999-999-999-999-999        
PA 2  32  30 142 143 143-999-999-999-999-999-999-999-999-999-999-999-999        
PA 2  30  30-999-999-999-999-999-999-999-999-999-999-999-999-999-999-999        
PA 2  28  30-999-999-999-999-999-999-999-999-999-999-999-999-999-999-999        
PA 2  26  30-999-999-999 245-999-999-999-999-999-999-999-999-999-999 233        
PA 2  24  30-999-999-999 245-999-999-999-999-999-999-999-999-999-999-999        
PA 2  22  30-999-999-999-999 245-999-999-999-999-999-999-999-999-999-999        
PA 2  20  30-999-999-999-999 245-999-999-999-999-999-999-999-999-999-999        
PA 2  18  30-999-999-999-999-999 245-999-999-999-999-999-999-999 244 244        
PA 2  16  30-999-999-999-999-999-999 245-999-999-999-999-999 243 247 252        
PA 2  14  30-999-999-999-999-999-999-999-999-999 244 244 245 250 253 257        
PA 2  12  30-999-999-999-999-999-999-999 245 245 247 250 252 254 257 261        
PA 2  10  30-999-999-999-999-999-999-999-999-999-999-999 256 258 262 264        
PA 2   8  30-999-999-999-999-999-999-999-999-999-999 261 261 263 264 267        
PA 2   6  30-999-999-999-999-999-999-999-999-999-999 263 264 267 268 271        
PA 2   4  30-999-999-999-999-999-999-999-999-999 265 266 268 271 273 276        
PA 2   2  30-999-999-999-999-999-999-999-999 266 268 271 272 274 276 280        
PA 2   0  30-999-999-999-999-999-999-999 270 271 271 273 274 276 279 281        
PA 2  -2  30-999-999-999-999-999-999 272 272 272 273 274 276 278 281 281        
PA 2  -4  30-999-999-999-999-999 273 273 273 273 274 276 277 277 281 281        
PA 2  -6  30-999-999-999-999-999 274 274 275 274 275 277 278 279 279 281        
PA 2  -8  30-999-999-999-999-999 275 275 275 275 276 277 278 279 279 279        
PA 2 -10  30-999-999-999-999-999 275 275 275 275 276 277 277 277 277 278        
PA 2 -12  30-999-999-999-999-999-999 274 274 275 275 276 276 276 276 276        
PA 2 -14  30-999-999-999-999-999-999 273 273 274-999 275 275 275 275 275        
PA 2 -16  30-999-999-999-999-999 273 273 273-999-999 273 273 273 273 273        
PA 2 -18  30-999-999-999-999 271 271 272 272-999-999 271 271 271 271 271        
PA 2 -20  30-999-999-999 270 270 270 271 270-999-999 270 269 269 268 268        
PA 2 -22  30-999-999-999 266 265 265 265-999-999 263 263 263 263 263 263        
PA 2 -24  30-999-999-999 255 255 256 254 254-999 252 251 250 250 250 250        
PA 2 -26  30-999-999 233 233 232 232 232 233 235 235 236 237 237 238 238        
PA 2 -28  30-999-999 213 214 215 216 217 218 220 220 221 221 221 222 222        
PA 2 -30  30-999 207 205 205 204 205 205 205 206 206 206 207 206 207 207        
PA 2 -32  30 203 202 200 199 198 198 198 197 197 197 197 196 197 196 196        
PA 2 -34  30 198 195 193 192 191 191 190 190 188 188 187 186 186 186 185        
PA 2 -36  30 188 184 180 178 176 175 174 172 172 170 170 168 168 166 164        
PA 2 -38  30 160 164 159 156 154 152 151 150 150 150 150 150 148 148 146        
PA 2 -40  30 134 133 131 130 130 130 129 125 120 120 118 118 115 114 112        
PA 2 -42  30 100 100 100  98  94  90  89  86  85  84  84  85  87  89  90        
PA 2 -44  30  77  75  72  68  65  62  60  60  60  60  62  63  64  66  67        
PA 2 -46  30  52  50  50  50  48  47  47  46  47  47  47  48  48  49  50        
PA 2 -48  30  37  36  36  37  37  37  37  37  38  39  40  41  42  42  42        
PA 2 -50  30  20  20  19  19  19  19  19  19  20  20  20  23  25  27  28        
PA 2 -52  30   0   0   0   0   0   0   0   0   0   0   0   0   0-444-444        
PA 2 -54  30-444-444-444-444-444-444-444-444-444-444-444-444-444-444-444        
PA 2 -56  30-444-444-444-444-444-444-444-444-444-444-444-444-444-444-444        
PA 2 -58  30-444-444-444-444-444-444-444-444-444-444-444-444-444-444-444        
PA 2 -60  30-444-444-444-444-444-444-444-444-444-444-444-444-444-444-444        
PA 2 -62  30-444-444-444-444-444-444-444-444-444-444-444-444-444-444-444        
PA 2 -64  30-444-444-444-444-444-444-444-444-444-444-444-444-444-444-444        
PA 2 -66  30-444-444-444-444-444-444-444-444-444-444-444-444-444-444-444        
PA 2 -68  30-444-444-444-444-444-444-444-555-555-555-555-555-555-555-555        
PA 2 -70  30-555-555-555-555-555-555-555-555-555-555-555-555-555-555-555        
PA 2 -72  30-555-555-555-555-555-555-555-555-555-555-555-555-555-555-555        
PA 2 -74  30-555-555-555-555-555-555-555-555-555-555-555-555-555-555-555        
PA 2 -76  30-555-555-555-555-555-555-555-555-555-555-555-555-555-555-555        
PA 2 -78  30-555-555-555-555-555-555-555-555-555-555-555-555-555-555-555        
PA 2 -80  30-555-555-555-555-555-555-555-555-555-555-555-555-555-555-555        
PA 2 -82  30-555-555-555-555-555-555-555-555-555-555-555-555-555-555-555        
PA 2 -84  30-555-555-555-555-555-555-555-555-555-555-555-555-555-555-555        
PA 2 -86  30-555-555-555-555-555-555-555-555-555-555-555-555-555-555-555        
PA 2 -88  30-555-555-555-555-555-555-555-555-555-555-555-555-555-555-555        
PA 2 -90  30-555-555-555-555-555-555-555-555-555-555-555-555-555-555-555        
PA 2  90  60-444-444-444-444-444-444-444-444-444-444-444-444-444-444-444        
PA 2  88  60-444-444-444-444-444-444-444-444-444-444-444-444-444-444-444        
PA 2  86  60-444-444-444-444-444-444-444-444-444-444-444-444-444-444-444        
PA 2  84  60-444-444-444-444-444-444-444-444-444-444-444-444-444-444-444        
PA 2  82  60-555-444-444-444-444-444-444-444-444-444-444-444-444-444-444        
PA 2  80  60-555-555-555-555-444-444-444-555-555-555-555-555-555-555-555        
PA 2  78  60-555-555-555-555-555-555-555-555-555-555-555-555-555-555-555        
PA 2  76  60-555-555-555-555-555-555-555-555-555-555-555-555-555-555-555        
PA 2  74  60-555-555-555-555-555-555-555-555-555-555-555-555-555-555-555        
PA 2  72  60-555-555-555-555-555-555-555-555-555-555-555-555-555-555-555        
PA 2  70  60-555-555-555-555-555-555-555-555-555-555-555-555-555-555-555        
PA 2  68  60-555-555-555-555-555-555-555-555-555-555-555-555-555-555-555        
PA 2  66  60-999-999-999-999-999-999-999-999-999-999-999-999-999-999-999        
PA 2  64  60-999-999-999-999-999-999-999-999-999-999-999-999-999-999-999        
PA 2  62  60-999-999-999-999-999-999-999-999-999-999-999-999-999-999-999        
PA 2  60  60-999-999-999-999-999-999-999-999-999-999-999-999-999-999-999        
PA 2  58  60-999-999-999-999-999-999-999-999-999-999-999-999-999-999-999        
PA 2  56  60-999-999-999-999-999-999-999-999-999-999-999-999-999-999-999        
PA 2  54  60-999-999-999-999-999-999-999-999-999-999-999-999-999-999-999        
PA 2  52  60-999-999-999-999-999-999-999-999-999-999-999-999-999-999-999        
PA 2  50  60-999-999-999-999-999-999-999-999-999-999-999-999-999-999-999        
PA 2  48  60-999-999-999-999-999-999-999-999-999-999-999-999-999-999-999        
PA 2  46  60-999-999-999-999-999-999-999-999-999-999-999-999-999-999-999        
PA 2  44  60-999-999-999-999-999-999-999-999-999-999-999-999-999-999-999        
PA 2  42  60-999-999-999-999-999-999-999-999-999-999-999-999-999-999-999        
PA 2  40  60-999-999-999-999-999-999-999-999-999-999-999-999-999-999-999        
PA 2  38  60-999-999-999-999-999-999-999-999-999-999-999-999-999-999-999        
PA 2  36  60-999-999-999-999-999-999-999-999-999-999-999-999-999-999-999        
PA 2  34  60-999-999-999-999-999-999-999-999-999-999-999-999-999-999-999        
PA 2  32  60-999-999-999-999-999-999-999-999-999-999-999-999-999-999-999        
PA 2  30  60-999-999-999-999-999-999-999-999-999-999-999-999-999-999-999        
PA 2  28  60-999-999-999-999-999-999-999-999-999-999-999-999-999-999-999        
PA 2  26  60-999-999-999-999-999-999-999-999-999-999-999-999-999-999-999        
PA 2  24  60 233 235 236 238-999-999-999-999-999-999-999-999-999-999-999        
PA 2  22  60 239 238 245 252 259-999-999-999-999-999-999-999-999-999-999        
PA 2  20  60 240 250 255 262 267 267-999-999-999-999-999-999-999-999 245        
PA 2  18  60 251 258 263 269 271 272-999-999-999-999-999-999 251 248 247        
PA 2  16  60 258 263 269 271 272 273 274-999-999-999-999 252 251 251 251        
PA 2  14  60 261 268 272 273 274 273 272 271-999-999 254 254 254 254 253        
PA 2  12  60 265 270 273 274 273 272 271 268-999-999 256 257 257 257 257        
PA 2  10  60 267 272 275 276 274 272 270 264 263-999-999 259 260 260 260        
PA 2   8  60 271 275 277 277 275 272 270 263 257 259 260 262 263 263 263        
PA 2   6  60 275 278 279 279 277 274 271 265 258 257 260 265 267 267 267        
PA 2   4  60 280 281 281 281 279 277 274 271 266 266 267 269 270 271 272        
PA 2   2  60 281 282 282 282 281 280 278 275 275 274 274 275 276 277 277        
PA 2   0  60 282 282 282 282 282 281 281 281 281 281 281 281 281 281 281        
PA 2  -2  60 282 282 282 282 282 282 282 282 282 282 282 282 282 282 282        
PA 2  -4  60 282 282 282 282 282 282 282 282 282 282 282 281 281 281 281        
PA 2  -6  60 281 281 281 281 281 281 281 281 281 281 281 280 279 279 278        
PA 2  -8  60 279 279 279 279 279 279 279 279 279 279 278 278 278 278 277        
PA 2 -10  60 278 278 278 278 278 278 278 278 278 278 277 277 277 276 276        
PA 2 -12  60 276 276 276 276 276 276 276 276 276 275 275 275 275 274 274        
PA 2 -14  60 275 275 274 274 274 274 274 274 274 274 273 273 273 273 273        
PA 2 -16  60 273 273 273 273 273 272 272 272 272 272 272 272 272 271 271        
PA 2 -18  60 271 271 271 271 271 271 271 271 271 271 271 270 269 268 267        
PA 2 -20  60 268 268 268 268 267 267 267 267 266 266 265 265 264 263 262        
PA 2 -22  60 263 263 263 263 263 262 262 262 261 261 260 259 257 256 255        
PA 2 -24  60 251 253 253 253 253 252 253 252 251 250 250 250 249 248 246        
PA 2 -26  60 238 239 238 238 238 238 238 238 237 236 237 237 236 236 234        
PA 2 -28  60 224 222 224 222 222 222 222 221 220 220 220 220 220 219 217        
PA 2 -30  60 208 207 208 208 208 208 208 207 208 206 206 206 205 204 202        
PA 2 -32  60 196 195 196 196 196 196 195 195 194 193 193 192 191 190 188        
PA 2 -34  60 184 184 184 183 183 182 181 181 180 180 177 174 171 170 168        
PA 2 -36  60 162 160 159 158 157 156 156 154 153 152 152 150 150 150 146        
PA 2 -38  60 144 145 144 142 140 139 135 134 130 130 125 122 121 120 120        
PA 2 -40  60 110 110 110 109 108 108 104 103 101 100 100 100 100 100 100        
PA 2 -42  60  90  90  91  91  90  90  89  88  87  86  86  86  87  88  90        
PA 2 -44  60  67  68  69  70  70  70  70  69  68  68  68  69  70  70  72        
PA 2 -46  60  50  50  50  50  50  50  50  50  50  51  53  54  55  56  58        
PA 2 -48  60  42  41  40  40  40  40  40  40  39  38  38  38  30  30  41        
PA 2 -50  60  27  27  26  24  23-999  19  16  15  14  13  13  15  16  20        
PA 2 -52  60-444-444-444-444-444-444-444-444-444-444-444-444-444-444-444        
PA 2 -54  60-444-444-444-444-444-444-444-444-444-444-444-444-444-444-444        
PA 2 -56  60-444-444-444-444-444-444-444-444-444-444-444-444-444-444-444        
PA 2 -58  60-444-444-444-444-444-444-444-444-444-444-444-444-444-444-444        
PA 2 -60  60-444-444-444-444-444-444-444-444-444-444-444-444-444-444-444        
PA 2 -62  60-444-444-444-444-444-444-444-444-444-444-444-444-444-444-444        
PA 2 -64  60-444-444-444-444-444-444-444-444-444-444-444-444-444-444-444        
PA 2 -66  60-444-444-444-444-444-444-444-444-444-444-444-555-555-555-555        
PA 2 -68  60-555-555-555-555-555-555-555-555-555-555-555-555-555-555-555        
PA 2 -70  60-555-555-555-555-555-555-555-555-555-555-555-555-555-555-555        
PA 2 -72  60-555-555-555-555-555-555-555-555-555-555-555-555-555-555-555        
PA 2 -74  60-555-555-555-555-555-555-555-555-555-555-555-555-555-555-555        
PA 2 -76  60-555-555-555-555-555-555-555-555-555-555-555-555-555-555-555        
PA 2 -78  60-555-555-555-555-555-555-555-555-555-555-555-555-555-555-555        
PA 2 -80  60-555-555-555-555-555-555-555-555-555-555-555-555-555-555-555        
PA 2 -82  60-555-555-555-555-555-555-555-555-555-555-555-555-555-555-555        
PA 2 -84  60-555-555-555-555-555-555-555-555-555-555-555-555-555-555-555        
PA 2 -86  60-555-555-555-555-555-555-555-555-555-555-555-555-555-555-555        
PA 2 -88  60-555-555-555-555-555-555-555-555-555-555-555-555-555-555-555        
PA 2 -90  60-555-555-555-555-555-555-555-555-555-555-555-555-555-555-555        
PA 2  90  90-444-444-444-444-444-444-444-444-444-444-444-444-444-444-444        
PA 2  88  90-444-444-444-444-444-444-444-444-444-444-444-444-444-444-444        
PA 2  86  90-444-444-444-444-444-444-444-444-444-444-444-444-444-444-444        
PA 2  84  90-444-444-444-444-444-444-444-444-444-444-444-444-444-444-444        
PA 2  82  90-444-444-444-444-444-444-444-444-444-444-444-444-444-444-444        
PA 2  80  90-555-555-555-555-555-444-444-444-444-444-444-444-444-444-444        
PA 2  78  90-555-555-555-555-555-555-555-555-555-444-444-444-444-444-444        
PA 2  76  90-555-555-555-555-555-555-555-555-555-555-555-555-999-999-444        
PA 2  74  90-555-555-555-555-555-555-555-999-999-999-999-999-999-999-999        
PA 2  72  90-555-999-999-999-999-999-999-999-999-999-999-999-999-999-999        
PA 2  70  90-555-555-555-555-555-555-555-555-555-999-999-999-999-999-999        
PA 2  68  90-555-555-555-555-555-999-999-999-999-999-999-999-999-999-999        
PA 2  66  90-555-555-555-555-999-999-999-999-999-999-999-999-999-999-999        
PA 2  64  90-999-999-999-999-999-999-999-999-999-999-999-999-999-999-999        
PA 2  62  90-999-999-999-999-999-999-999-999-999-999-999-999-999-999-999        
PA 2  60  90-999-999-999-999-999-999-999-999-999-999-999-999-999-999-999        
PA 2  58  90-999-999-999-999-999-999-999-999-999-999-999-999-999-999-999        
PA 2  56  90-999-999-999-999-999-999-999-999-999-999-999-999-999-999-999        
PA 2  54  90-999-999-999-999-999-999-999-999-999-999-999-999-999-999-999        
PA 2  52  90-999-999-999-999-999-999-999-999-999-999-999-999-999-999-999        
PA 2  50  90-999-999-999-999-999-999-999-999-999-999-999-999-999-999-999        
PA 2  48  90-999-999-999-999-999-999-999-999-999-999-999-999-999-999-999        
PA 2  46  90-999-999-999-999-999-999-999-999-999-999-999-999-999-999-999        
PA 2  44  90-999-999-999-999-999-999-999-999-999-999-999-999-999-999-999        
PA 2  42  90-999-999-999-999-999-999-999-999-999-999-999-999-999-999-999        
PA 2  40  90-999-999-999-999-999-999-999-999-999-999-999-999-999-999-999        
PA 2  38  90-999-999-999-999-999-999-999-999-999-999-999-999-999-999-999        
PA 2  36  90-999-999-999-999-999-999-999-999-999-999-999-999-999-999-999        
PA 2  34  90-999-999-999-999-999-999-999-999-999-999-999-999-999-999-999        
PA 2  32  90-999-999-999-999-999-999-999-999-999-999-999-999-999-999-999        
PA 2  30  90-999-999-999-999-999-999-999-999-999-999-999-999-999-999-999        
PA 2  28  90-999-999-999-999-999-999-999-999-999-999-999-999-999-999-999        
PA 2  26  90-999-999-999-999-999-999-999-999-999-999-999-999-999-999-999        
PA 2  24  90-999-999-999-999-999-999-999-999-999-999-999-999-999-999-999        
PA 2  22  90-999-999-999-999-999-999-999-999-999-999-999-999-999-999 170        
PA 2  20  90 245 247-999-999-999-999-999-999-999-999-999-999 180 180 187        
PA 2  18  90 247 247 247-999-999-999-999-999-999-999 188 188 188 190 200        
PA 2  16  90 250 251 252-999-999-999-999-999-999-999 195 195 200 210 220        
PA 2  14  90 254 254 254 255-999-999-999-999-999-999 204 208 210 219 227        
PA 2  12  90 257 257 258 258-999-999-999-999-999-999 215 216 221 225 231        
PA 2  10  90 260 260 261 262-999-999-999-999-999-999 225 224 227 231 240        
PA 2   8  90 264 264 265 266-999-999-999-999-999-999 232 232 233 239 244        
PA 2   6  90 268 269 269 270 270-999-999-999-999-999 236 238-999-999-999        
PA 2   4  90 272 272 272 272-999-999-999-999-999-999-999-999-999-999 272        
PA 2   2  90 277 277 276 275-999-999-999-999-999-999-999-999-999-999 276        
PA 2   0  90 281 281 278 277 276-999-999-999-999-999-999-999-999-999 278        
PA 2  -2  90 281 281 279 277 275 275-999-999-999-999-999-999-999-999 278        
PA 2  -4  90 280 279 278 277 276 275-999-999-999-999-999-999-999-999 278        
PA 2  -6  90 278 278 277 276 275 275 274 274-999-999-999-999-999-999 276        
PA 2  -8  90 277 276 276 275 275 275 274 274 273-999-999-999 272 272 274        
PA 2 -10  90 276 275 274 274 274 274 273 273 273 272 272 272 271 271 272        
PA 2 -12  90 274 273 273 273 272 272 271 271 270 270 269 269 268 268 268        
PA 2 -14  90 273 272 272 272 271 270 268 267 265 264 263 262 261 261 261        
PA 2 -16  90 271 270 269 268 266 264 262 260 258 256 255 254 254 255 256        
PA 2 -18  90 266 265 263 262 260 257 255 251 250 248 246 246 247 248 250        
PA 2 -20  90 260 259 257 254 252 250 246 244 240 237 234 233 234 234-999        
PA 2 -22  90 253 252 250 247 244 241 237 232 226 220 216 211 211-999-999        
PA 2 -24  90 244 242 240 238 234 229 222 216 208 200 196 192-999-999-999        
PA 2 -26  90 232 230 228 224 218 212 206 199 192 189 187 186-999-999-999        
PA 2 -28  90 216 214 210 206 202 197 191 188 186 183 182 182-999-999-999        
PA 2 -30  90 200 199 195 192 188 186 184 182 180 178 176 176 178-999-999        
PA 2 -32  90 187 185 183 182 180 178 175 173 171 170 170 170 171-999-999        
PA 2 -34  90 166 164 163 162 160 158 156 156 155 155 155 156 156-999-999        
PA 2 -36  90 144 142 140 140 139 138 138 137 136 137 137 139 140 142 145        
PA 2 -38  90 120 120 120 120 121 121 121 121 121 122 123 124 126 127 131        
PA 2 -40  90 100 101 101 102 102 102 103 103 104 106 107 109 110 112 114        
PA 2 -42  90  90  91  92  92  92  92  93  93  93  93  94  95  96  97  99        
PA 2 -44  90  72  74  74  74  75  75  76  76  77  77  78  80  82  84  86        
PA 2 -46  90  60  62  63  63  64  64  64  64  65  65  66  67  68  70  72        
PA 2 -48  90  43  45  47  49  50  50  52  53  54  54  54  54  54  55  56        
PA 2 -50  90  23  26  27  27  27  27  26  27  28  29  30  32  34  35  37        
PA 2 -52  90-444-444-444-444-444-444-444-444-444-444-444   0   0   0   0        
PA 2 -54  90-444-444-444-444-444-444-444-444-444-444-444-444-444-444-444        
PA 2 -56  90-444-444-444-444-444-444-444-444-444-444-444-444-444-444-444        
PA 2 -58  90-444-444-444-444-444-444-444-444-444-444-444-444-444-444-444        
PA 2 -60  90-444-444-444-444-444-444-444-444-444-444-444-444-444-444-444        
PA 2 -62  90-444-444-444-444-444-444-444-444-444-444-444-444-444-444-444        
PA 2 -64  90-444-444-444-444-444-444-444-444-444-444-444-444-444-444-444        
PA 2 -66  90-555-555-555-555-555-555-555-555-555-555-555-555-555-444-444        
PA 2 -68  90-555-555-555-555-555-555-555-555-555-555-555-555-555-555-555        
PA 2 -70  90-555-555-555-555-555-555-555-555-555-555-555-555-555-555-555        
PA 2 -72  90-555-555-555-555-555-555-555-555-555-555-555-555-555-555-555        
PA 2 -74  90-555-555-555-555-555-555-555-555-555-555-555-555-555-555-555        
PA 2 -76  90-555-555-555-555-555-555-555-555-555-555-555-555-555-555-555        
PA 2 -78  90-555-555-555-555-555-555-555-555-555-555-555-555-555-555-555        
PA 2 -80  90-555-555-555-555-555-555-555-555-555-555-555-555-555-555-555        
PA 2 -82  90-555-555-555-555-555-555-555-555-555-555-555-555-555-555-555        
PA 2 -84  90-555-555-555-555-555-555-555-555-555-555-555-555-555-555-555        
PA 2 -86  90-555-555-555-555-555-555-555-555-555-555-555-555-555-555-555        
PA 2 -88  90-555-555-555-555-555-555-555-555-555-555-555-555-555-555-555        
PA 2 -90  90-555-555-555-555-555-555-555-555-555-555-555-555-555-555-555        
PA 2  90 120-444-444-444-444-444-444-444-444-444-444-444-444-444-444-444        
PA 2  88 120-444-444-444-444-444-444-444-444-444-444-444-444-444-444-444        
PA 2  86 120-444-444-444-444-444-444-444-444-444-444-444-444-444-444-444        
PA 2  84 120-444-444-444-444-444-444-444-444-444-444-444-444-444-444-444        
PA 2  82 120-444-444-444-444-444-444-444-444-444-444-444-444-444-444-444        
PA 2  80 120-444-444-444-444-444-444-444-444-444-444-444-444-444-444-444        
PA 2  78 120-444-444-444-444-444-444-444-444-444-444-999-999-999-999-999        
PA 2  76 120-444-444-444-444-444-444-444-999-999-999-999-999-999-999-999        
PA 2  74 120-999-999-999-999-999-999-999-999-999-999-999-999-999-999-999        
PA 2  72 120-999-999-999-999-999-999-999-999-999-999-999-999-999-999-999        
PA 2  70 120-999-999-999-999-999-999-999-999-999-999-999-999-999-999-999        
PA 2  68 120-999-999-999-999-999-999-999-999-999-999-999-999-999-999-999        
PA 2  66 120-999-999-999-999-999-999-999-999-999-999-999-999-999-999-999        
PA 2  64 120-999-999-999-999-999-999-999-999-999-999-999-999-999-999-999        
PA 2  62 120-999-999-999-999-999-999-999-999-999-999-999-999-999-999-999        
PA 2  60 120-999-999-999-999-999-999-999-999-999-999-999-999-999-999-999        
PA 2  58 120-999-999-999-999-999-999-999-999-999-999-999-999-444-444-444        
PA 2  56 120-999-999-999-999-999-999-999-999-999-999-999-444-444-444-444        
PA 2  54 120-999-999-999-999-999-999-999-999-999-999-999-999-444-444-444        
PA 2  52 120-999-999-999-999-999-999-999-999-999-999-999-999-444-444-444        
PA 2  50 120-999-999-999-999-999-999-999-999-999-999-999-999-999-444-444        
PA 2  48 120-999-999-999-999-999-999-999-999-999-999  -6  -6-999-444-444        
PA 2  46 120-999-999-999-999-999-999-999-999-999   2  -7-999-444-444-444        
PA 2  44 120-999-999-999-999-999-999-999-999  14   9  10-999-999-444-444        
PA 2  42 120-999-999-999-999-999-999   2  10  22  26  21   8  -5  -3  -2        
PA 2  40 120-999-999-999-999-999  14  20  30  40  37  28  16   6   4   6        
PA 2  38 120-999-999-999-999-999  31  39  46  48  44-999  30  24  21  25        
PA 2  36 120-999-999-999-999-999  40  50-999-999-999-999  60  57  55  59        
PA 2  34 120-999-999-999-999-999-999-999-999  75  78 100 107 114 120 120        
PA 2  32 120-999-999-999-999-999-999  90  90 110 130 140 152 160 164 165        
PA 2  30 120-999-999-999 115 120 120 125 135 147 159 175 190 199 200 200        
PA 2  28 120-999-999 130 140 140 146 150 158 175 199 209 215 221 224 225        
PA 2  26 120-999-999 170 170 175 180 195 210 220 225 230 232 236 240 240        
PA 2  24 120-999 185 186 200 213 224 231 236 239 241 244 247 250 251 254        
PA 2  22 120 180 195 213 227 240 251 254 254 254 254 255 256 258 260 260        
PA 2  20 120 200 219 233 251 260 261 261 261 261 261 261 261 262 262 262        
PA 2  18 120 218-999 250 261 262 263 263 263 263 263 263 263 263 263 263        
PA 2  16 120 223 241 260 265 265 265 265 265 265 265 264 264 264 264 265        
PA 2  14 120 237-999 267 267 267 268 268 268 267 267 265 265 266 266 266        
PA 2  12 120 234-999-999 268 269 270 270 270 269 268 266 266 267 267 267        
PA 2  10 120 244 250-999 270 271 271 271 271 270 269 268 267 268 268 268        
PA 2   8 120 272 272-999 273 273 273 273 273 273 270 270 269 270 270 270        
PA 2   6 120 272 273 273 274 275 275 275 275 275 274 274 274 274 274 274        
PA 2   4 120 274 274 275 275 276 277 277 277 277 277 277 277 277 277 277        
PA 2   2 120 275 275 275 275 277 277 279 279 280 280 280 280 280 279 279        
PA 2   0 120 278 277 278 278 277 278 278 279 281 281 281 281 281 281 281        
PA 2  -2 120-999-999 278 278 277 277-999-999-999-999 281 281 281 281 282        
PA 2  -4 120-999-999 277 277 277 276 275-999-999-999-999-999-999 281 281        
PA 2  -6 120 275 275 275 275 276 274 273 273-999-999-999-999-999-999 281        
PA 2  -8 120 275 273 273 273 273 272 272-999-999-999-999-999-999-999 281        
PA 2 -10 120 272 272 272 271 271 271-999-999-999-999-999-999-999 275-999        
PA 2 -12 120 268 268 270-999-999-999-999-999-999-999-999-999-999 271 272        
PA 2 -14 120 262 262-999-999-999-999-999-999-999-999-999-999-999 271 272        
PA 2 -16 120 256-999-999-999-999-999-999-999-999-999-999-999-999 271 271        
PA 2 -18 120 256-999-999-999-999-999-999-999-999-999-999-999-999-999 268        
PA 2 -20 120-999-999-999-999-999-999-999-999-999-999-999-999-999-999-999        
PA 2 -22 120-999-999-999-999-999-999-999-999-999-999-999-999-999-999-999        
PA 2 -24 120-999-999-999-999-999-999-999-999-999-999-999-999-999-999-999        
PA 2 -26 120-999-999-999-999-999-999-999-999-999-999-999-999-999-999-999        
PA 2 -28 120-999-999-999-999-999-999-999-999-999-999-999-999-999-999-999        
PA 2 -30 120-999-999-999-999-999-999-999-999-999-999-999-999-999-999-999        
PA 2 -32 120-999-999-999-999-999-999-999-999-999-999-999-999-999-999-999        
PA 2 -34 120-999-999-999 152 152 152 151-999-999-999-999-999-999-999-999        
PA 2 -36 120 146 147 149 150 149 148 147 145 139-999-999-999-999-999-999        
PA 2 -38 120 134 137 139 140 141 141 140 138 136 135 130-999-999-999-999        
PA 2 -40 120 118 120 121 125 128 128 128 128 128 128 128 130 127-999 153        
PA 2 -42 120 100 103 107 110 113 116 118 119 120 120 121 123 128-999 137        
PA 2 -44 120  88  90  92  95  98 100 102 105 109 110 111 112 115 130 121        
PA 2 -46 120  74  76  77  80  83  86  90  92  94  97  98  99 100 101 102        
PA 2 -48 120  57  59  62  67  68  71  74  78  80  83  87  89  90  90  91        
PA 2 -50 120  39  41  44  48  50  51  54  58  60  64  70  72  74  76  77        
PA 2 -52 120   2   8   4   9  10  17  20  25  30  34  40  42  47  50  51        
PA 2 -54 120-444-444-444-444-444-444-444-444-444-444   0   3   8  10  17        
PA 2 -56 120-444-444-444-444-444-444-444-444-444-444-444-444-444-444-444        
PA 2 -58 120-444-444-444-444-444-444-444-444-444-444-444-444-444-444-444        
PA 2 -60 120-444-444-444-444-444-444-444-444-444-444-444-444-444-444-444        
PA 2 -62 120-444-444-444-444-444-444-444-444-444-444-444-444-444-444-444        
PA 2 -64 120-444-444-444-444-444-444-444-444-444-444-444-444-444-444-444        
PA 2 -66 120-444-444-555-555-555-555-555-555-555-555-555-555-555-444-444        
PA 2 -68 120-555-555-555-555-555-555-555-555-555-555-555-555-555-555-555        
PA 2 -70 120-555-555-555-555-555-555-555-555-555-555-555-555-555-555-555        
PA 2 -72 120-555-555-555-555-555-555-555-555-555-555-555-555-555-555-555        
PA 2 -74 120-555-555-555-555-555-555-555-555-555-555-555-555-555-555-555        
PA 2 -76 120-555-555-555-555-555-555-555-555-555-555-555-555-555-555-555        
PA 2 -78 120-555-555-555-555-555-555-555-555-555-555-555-555-555-555-555        
PA 2 -80 120-555-555-555-555-555-555-555-555-555-555-555-555-555-555-555        
PA 2 -82 120-555-555-555-555-555-555-555-555-555-555-555-555-555-555-555        
PA 2 -84 120-555-555-555-555-555-555-555-555-555-555-555-555-555-555-555        
PA 2 -86 120-555-555-555-555-555-555-555-555-555-555-555-555-555-555-555        
PA 2 -88 120-555-555-555-555-555-555-555-555-555-555-555-555-555-555-555        
PA 2 -90 120-555-555-555-555-555-555-555-555-555-555-555-555-555-555-555        
PA 2  90 150-444-444-444-444-444-444-444-444-444-444-444-444-444-444-444        
PA 2  88 150-444-444-444-444-444-444-444-444-444-444-444-444-444-444-444        
PA 2  86 150-444-444-444-444-444-444-444-444-444-444-444-444-444-444-444        
PA 2  84 150-444-444-444-444-444-444-444-444-444-444-444-444-444-444-444        
PA 2  82 150-444-444-444-444-444-444-444-444-444-444-444-444-444-444-444        
PA 2  80 150-444-444-444-444-444-444-444-444-444-444-444-444-444-444-444        
PA 2  78 150-999-999-999-999-444-444-444-444-444-444-444-444-444-444-444        
PA 2  76 150-999-999-999-999-999-999-444-444-444-444-444-444-444-444-444        
PA 2  74 150-999-999-999-999-999-999-999-999-999-999-999-999-999-999-999        
PA 2  72 150-999-999-999-999-999-999-999-999-999-999-999-999-999-999-999        
PA 2  70 150-999-999-999-999-999-999-999-999-999-999-999-999-999-999-999        
PA 2  68 150-999-999-999-999-999-999-999-999-999-999-999-999-999-999-999        
PA 2  66 150-999-999-999-999-999-999-999-999-999-999-999-999-999-999-999        
PA 2  64 150-999-999-999-999-999-999-999-999-999-999-999-999-999-999-999        
PA 2  62 150-999-999-999-999-999-999-999-999-999-999-999-999-444-444-999        
PA 2  60 150-999-999-999-999-999-999-999-999-999-444-444-444-444-444-444        
PA 2  58 150-444-444-999-999-999-999-999-444-444-444-444-444-444-444  -6        
PA 2  56 150-444-444-999-999-999-999-444-444-444-444  -8  -7  -5  -3  -2        
PA 2  54 150-444-444-444-999-999-444-444-444  -9  -6  -2   0   1   2   4        
PA 2  52 150-444-444-444-999-444-444-444  -9  -7  -3   0   1   3   5   6        
PA 2  50 150-444-444-444-444-444-444-444-444  -4   0   3   5   8  10  12        
PA 2  48 150-444-444-444-444-444-444-444-444-444   0   2   5   7   9  12        
PA 2  46 150-444-444-444-444-444-444-444-444  -7  -1   2   5   7   9  12        
PA 2  44 150-444-444  -4   0   1   3   5   5   5   5   6   8  10  18  21        
PA 2  42 150  -5   0   5  10  16  20  20  20  20  20  20  21  27  35  45        
PA 2  40 150  10  15  20  30  39  44  48  48  46  45  46  48  50  60  75        
PA 2  38 150  30  40  50  60  70  80  90 100 105 100 100 100 100 105 110        
PA 2  36 150  62  72  81  95 103 111 122 127 129 128 127 126 126 129 130        
PA 2  34 150 121 120 123 127 134 143 150 156 160 156 153 150 150 160 165        
PA 2  32 150 164 160 160 159 160 165 170 180 185 190 190 190 190 190 190        
PA 2  30 150 200 199 195 194 194 197 199 200 203 205 209 210 210 210 210        
PA 2  28 150 225 224 222 221 220 220 221 224 227 229 230 230 230 230 230        
PA 2  26 150 241 242 240 240 239 240 240 242 243 245 245 248 249 250 250        
PA 2  24 150 255 256 257 257 257 257 257 257 257 257 257 257 257 257 258        
PA 2  22 150 261 262 262 262 262 263 264 264 264 264 264 264 264 264 264        
PA 2  20 150 262 263 263 263 265 265 266 266 267 267 267 267 267 267 267        
PA 2  18 150 263 265 265 265 267 267 268 268 269 269 270 270 270 270 270        
PA 2  16 150 265 266 266 268 269 270 270 271 271 272 272 273 273 272 272        
PA 2  14 150 267 267 267 270 271 272 273 273 273 274 274 275 275 274 274        
PA 2  12 150 268 268 270 272 273 274 275 275 275 276 276 277 277 276 276        
PA 2  10 150 269 270 273 274 275 276 278 277 277 278 278 278 278 278 278        
PA 2   8 150 271 273 275 276 277 278 278 278 279 279 279 280 280 280 280        
PA 2   6 150 274 275 278 278 278 280 281 281 281 281 281 281 281 281 281        
PA 2   4 150 277 277 280 280 281 283 283 283 283 283 283 283 283 283 283        
PA 2   2 150 280 281 281 281 283 285 285 285 285 285 284 284 284 284 283        
PA 2   0 150 282 283 283 283 285 283 283 283 283 283 284 284 285 285 284        
PA 2  -2 150 282 283 283 282 282 281 281 282 282 283 283 283 283 284 284        
PA 2  -4 150 281 282 282 281 280 280 280 280 281 281 282 283 283 284 284        
PA 2  -6 150-999 281 281 280 279 278 279 279 279 280 281 282 283 284 285        
PA 2  -8 150 281 281 280 279 278 278 278 278 278 279 281 282 283 285 286        
PA 2 -10 150-999 277 277 276 277 278 278 279 280 280 282 283 284 285 287        
PA 2 -12 150 273 275 275 275 277 278 279 280 281 282 283 284 285 286 287        
PA 2 -14 150 273 273 274 276 278 280 280 281 282 283 284 285 286 287 288        
PA 2 -16 150 272 273 275 277 279 280 281 282 283 284 284 285 286 287 288        
PA 2 -18 150 270 272 274 277 279 281 282 282 283 284 284 285 285 285 285        
PA 2 -20 150 265 270 273 277 280 281 282 282 283 283 283 283 282 282 282        
PA 2 -22 150-999 265 272 277 280 281 281 281 281 281 280 280 280 280 280        
PA 2 -24 150-999 269 270 274 278 279 280 280 280 278 276 274 274 274 274        
PA 2 -26 150-999-999 267 272 274 275 274 275 274 272 270 266 264 264 265        
PA 2 -28 150-999-999 264 266 269 268 265 265 264 260 255 252 250 250 251        
PA 2 -30 150-999-999 248 250 250 250 245 246 250 245 244 243 242 242 243        
PA 2 -32 150-999-999 230 230 230 226 220 224 231 232 233 234 234 234 235        
PA 2 -34 150-999 213 215 215 210 200 197 200 206 209 214 217 221 224 225        
PA 2 -36 150 197 200 200 197 193 190 188 190 192 195 199 200-999 210 214        
PA 2 -38 150 177 177 178 179 180 179 179 180 180 181 184 186 195-999 204        
PA 2 -40 150 154 156 157 160 161 163 164 166 167 167 168 169-999-999 190        
PA 2 -42 150 139 148 142 144 148 150 151 153 154 154 154-999 166 180 181        
PA 2 -44 150 124 126 128 130 131 133 135 137 138 149-999-999 158 158 158        
PA 2 -46 150 104 107 109 111 114 117 120 122 144-999-999 140 139 134 130        
PA 2 -48 150  93  94  96  98 100 100 101 102 102 103 103 103 100  94  89        
PA 2 -50 150  78  79  80  81  82  83  83  82  80  79  78  75  71  68  64        
PA 2 -52 150  54  58  60  62  63  64  64  63  62  61  60  58  57  54  53        
PA 2 -54 150  21  26  30  40  43  47  48  49  49  48  47  46  45  44  43        
PA 2 -56 150-444-444-444-444   2   8  12  18  22  28  31  32  33  33  33        
PA 2 -58 150-444-444-444-444-444-444-444-444-444-444   0   4   8  11  19        
PA 2 -60 150-444-444-444-444-444-444-444-444-444-444-444-444-444-444-444        
PA 2 -62 150-444-444-444-444-444-444-444-444-444-444-444-444-444-444-444        
PA 2 -64 150-444-444-444-444-444-444-444-444-444-444-444-444-444-444-444        
PA 2 -66 150-444-444-444-444-444-444-444-444-444-444-444-444-444-444-444        
PA 2 -68 150-555-555-555-555-444-444-444-444-444-444-444-444-444-444-444        
PA 2 -70 150-555-555-555-555-555-555-555-555-444-444-444-444-444-444-444        
PA 2 -72 150-555-555-555-555-555-555-555-555-555-555-555-555-444-444-444        
PA 2 -74 150-555-555-555-555-555-555-555-555-555-555-555-555-555-555-555        
PA 2 -76 150-555-555-555-555-555-555-555-555-555-555-555-555-555-555-555        
PA 2 -78 150-555-555-555-555-555-555-555-555-555-555-555-555-555-555-555        
PA 2 -80 150-555-555-555-555-555-555-555-555-555-555-555-555-555-555-555        
PA 2 -82 150-555-555-555-555-555-555-555-555-555-555-555-555-555-555-555        
PA 2 -84 150-555-555-555-555-555-555-555-555-555-555-555-555-555-555-555        
PA 2 -86 150-555-555-555-555-555-555-555-555-555-555-555-555-555-555-555        
PA 2 -88 150-555-555-555-555-555-555-555-555-555-555-555-555-555-555-555        
PA 2 -90 150-555-555-555-555-555-555-555-555-555-555-555-555-555-555-555        
PA 2  90-180-444-444-444-444-444-444-444-444-444-444-444-444-444-444-444        
PA 2  88-180-444-444-444-444-444-444-444-444-444-444-444-444-444-444-444        
PA 2  86-180-444-444-444-444-444-444-444-444-444-444-444-444-444-444-444        
PA 2  84-180-444-444-444-444-444-444-444-444-444-444-444-444-444-444-444        
PA 2  82-180-444-444-444-444-444-444-444-444-444-444-444-444-444-444-444        
PA 2  80-180-444-444-444-444-444-444-444-444-444-444-444-444-444-444-444        
PA 2  78-180-444-444-444-444-444-444-444-444-444-444-444-444-444-444-444        
PA 2  76-180-444-444-444-444-444-444-444-444-444-444-444-444-444-444-444        
PA 2  74-180-999-999-999-999-999-999-999-999-999-444-444-444-444-444-444        
PA 2  72-180-999-999-999-999-999-999-999-999-999-999-999-999-999-999-444        
PA 2  70-180-999-999-999-999-999-999-999-999-999-999-999-999-999-999-999        
PA 2  68-180-999-999-999-999-999-999-999-999-999-999-999-999-999-999-999        
PA 2  66-180-999-999-999-999-999-999-999-999-999-999-999-999-999-999-999        
PA 2  64-180-999-999-999-999-999-999-999-999-999-999-999-999-999-999-999        
PA 2  62-180-999-999-999-999-999-999-999-999-999-999-999-999-999-999-555        
PA 2  60-180-444-444 -13 -14 -17-999-999-999-999-999-999-999-555-555-555        
PA 2  58-180  -4  -4  -4  -6  -5  -5-999-999-999-999-999-999-555-555-555        
PA 2  56-180   0   0   0   0   0   0   0   4   6-999-555-555-555-555  15        
PA 2  54-180   5   5   5   5   5   6   6-555-555   8   8   8   8   9  12        
PA 2  52-180   7   8   9  10  12  14  14  14  14  13  12  12  11  11  12        
PA 2  50-180  13  14  15  20  20  21  21  20  20  20  19  18  18  18  18        
PA 2  48-180  15  20  24  28  30  30  31  31  31  31  30  30  30  30  30        
PA 2  46-180  18  26  35  39  40  40  41  41  41  41  40  40  40  40  40        
PA 2  44-180  30  40  49  50  52  54  53  51  50  50  50  50  50  50  50        
PA 2  42-180  52  59  65  70  80  80  80  79  78  76  75  75  78  79  80        
PA 2  40-180  90 100 105 110 111 112 113 113 111 110 110 109 108 107 105        
PA 2  38-180 120 122 127 130 131 132 132 132 131 130 130 130 130 130 129        
PA 2  36-180 135 140 145 150 150 153 155 155 152 150 150 150 150 150 149        
PA 2  34-180 170 180 180 180 180 180 181 181 181 180 180 179 175 171 170        
PA 2  32-180 195 200 201 202 203 204 203 202 201 200 200 200 200 199 194        
PA 2  30-180 212 215 216 218 220 220 220 220 220 218 216 213 212 210 210        
PA 2  28-180 230 230 231 232 232 232 233 233 232 231 230 230 230 225 220        
PA 2  26-180 250 250 250 250 250 250 249 248 246 244 241 240 240 237 234        
PA 2  24-180 258 258 258 258 257 257 257 256 254 253 251 250 250 245 242        
PA 2  22-180 264 264 264 264 264 264 264 264 263 262 261 259 255 252 250        
PA 2  20-180 267 267 267 267 267 267 267 267 266 265 264 263 260 257 253        
PA 2  18-180 270 270 270 270 270 270 270 270 270 269 268 265 265 262 257        
PA 2  16-180 271 272 271 271 271 271 271 271 271 271 270 268 268 264 262        
PA 2  14-180 273 274 273 273 273 273 273 272 272 272 271 270 268 268 265        
PA 2  12-180 275 276 275 275 275 275 274 273 273 272 272 271 270 270 268        
PA 2  10-180 278 277 277 277 276 276 275 274 274 273 273 272 271 271 271        
PA 2   8-180 280 279 278 278 278 276 276 276 275 274 274 273 272 272 272        
PA 2   6-180 281 281 280 278 278 278 277 276 276 275 275 274 273 273 273        
PA 2   4-180 282 281 281 280 279 278 277 276 276 275 275 275 275 274 274        
PA 2   2-180 282 282 282 280 279 278 277 276 276 276 275 275 275 275 274        
PA 2   0-180 283 282 282 280 279 278 278 277 277 277 276 276 275 275 275        
PA 2  -2-180 284 284 283 282 281 280 280 279 279 278 277 277 277 276 276        
PA 2  -4-180 285 285 285 285 285 284 284 282 280 280 280 280 279 279 278        
PA 2  -6-180 286 287 288 288 289 290 290 289 288 287 286 285 284 283 282        
PA 2  -8-180 287 288 290 290 291 291 291 291 290 290 290 290 290 290 288        
PA 2 -10-180 288 290 290 291 292 293 294 293 293 293 293 292 292 291 291        
PA 2 -12-180 289 290 291 292 293 294 295 295 295 295 295 294 294 293 293        
PA 2 -14-180 289 290 290 291 292 293 293 294 295 295 295 295 295 295 295        
PA 2 -16-180 288 289 290 291 292 293 292 292 292 293 293 293 293 293 293        
PA 2 -18-180 285 285 287 288 290 291 292 292 291 291 290 290 290 290 290        
PA 2 -20-180 283 284 286 288 289 290 290 290 289 288 288 287 286 285 285        
PA 2 -22-180 281 282 282 284 285 285 285 285 284 284 283 283 282 282 281        
PA 2 -24-180 275 276 278 279 280 280 280 280 280 280 279 278 277 275 274        
PA 2 -26-180 266 269 270 271 272 272 273 273 272 271 270 270 270 268 266        
PA 2 -28-180 254 256 257 260 261 262 263 262 262 261 260 259 257 256 255        
PA 2 -30-180 244 245 245 247 248 250 250 250 250 250 250 250 250 250 248        
PA 2 -32-180 235 235 235 235 236 237 238 239 239 239 239 238 237 236 235        
PA 2 -34-180 225 225 225 226 226 227 227 228 227 227 227 226 225 225 225        
PA 2 -36-180 215 216 217 217 217 217 218 218 218 218 217 217 216 215 214        
PA 2 -38-180 202 205 207 207 208 208 208 208 208 208 207 206 205 202 201        
PA 2 -40-180 192 193 194 195 195 196 195 194 192 190 190 189 188 188 187        
PA 2 -42-180 182 182 181 180 180 180 180 180 180 180 180 179 178 176 174        
PA 2 -44-180 157 154 153 150 150 150 150 152 154 157 158 158 157 155 153        
PA 2 -46-180 124 120 111 102 100 100 100 100 107 110 115 118 120 120 120        
PA 2 -48-180  81  77  72  70  69  69  69  70  71  73  74  76  77  78  80        
PA 2 -50-180  62  60  60  59  58  58  58  58  58  59  59  60  60  61  62        
PA 2 -52-180  52  51  50  50  49  49  48  48  48  48  49  49  50  50  50        
PA 2 -54-180  42  42  42  41  41  40  39  39  38  38  38  38  38  39  40        
PA 2 -56-180  33  33  22  22  21  20  19  18  16  15  14  13  13  13  14        
PA 2 -58-180  20  21  29  30  30  30  28  24  17  14  12  10  10  11  12        
PA 2 -60-180-444-444-444-444-444-444-444-444-444-444-444-444-444-444-444        
PA 2 -62-180-444-444-444-444-444-444-444-444-444-444-444-444-444-444-444        
PA 2 -64-180-444-444-444-444-444-444-444-444-444-444-444-444-444-444-444        
PA 2 -66-180-444-444-444-444-444-444-444-444-444-444-444-444-444-444-444        
PA 2 -68-180-444-444-444-444-444-444-444-444-444-444-444-444-444-444-444        
PA 2 -70-180-444-444-444-444-444-444-444-444-444-444-444-444-444-444-444        
PA 2 -72-180-444-444-444-444-444-444-444-444-444-444-444-444-444-444-444        
PA 2 -74-180-555-444-444-444-444-444-444-444-444-444-444-444-444-444-444        
PA 2 -76-180-555-555-555-555-555-444-444-444-444-444-444-444-444-444-555        
PA 2 -78-180-555-555-555-555-555-555-555-555-555-555-555-555-555-555-555        
PA 2 -80-180-555-555-555-555-555-555-555-555-555-555-555-555-555-555-555        
PA 2 -82-180-555-555-555-555-555-555-555-555-555-555-555-555-555-555-555        
PA 2 -84-180-555-555-555-555-555-555-555-555-555-555-555-555-555-555-555        
PA 2 -86-180-555-555-555-555-555-555-555-555-555-555-555-555-555-555-555        
PA 2 -88-180-555-555-555-555-555-555-555-555-555-555-555-555-555-555-555        
PA 2 -90-180-555-555-555-555-555-555-555-555-555-555-555-555-555-555-555        
PA 2  90-150-444-444-444-444-444-444-444-444-444-444-444-444-444-444-444        
PA 2  88-150-444-444-444-444-444-444-444-444-444-444-444-444-444-444-444        
PA 2  86-150-444-444-444-444-444-444-444-444-444-444-444-444-444-444-444        
PA 2  84-150-444-444-444-444-444-444-444-444-444-444-444-444-444-444-444        
PA 2  82-150-444-444-444-444-444-444-444-444-444-444-444-444-444-444-444        
PA 2  80-150-444-444-444-444-444-444-444-444-444-444-444-444-444-444-444        
PA 2  78-150-444-444-444-444-444-444-444-444-444-444-444-444-444-444-444        
PA 2  76-150-444-444-444-444-444-444-444-444-444-444-444-444-444-444-444        
PA 2  74-150-444-444-444-444-444-444-444-444-444-444-444-444-444-444-444        
PA 2  72-150-444-444-444-444-444-444-444-444-444-444-444-444-444-444-444        
PA 2  70-150-999-999-999-999-999-999-999-999-999-999-999-555-555-555-555        
PA 2  68-150-999-999-999-999-999-999-999-999-555-555-555-555-555-555-555        
PA 2  66-150-999-999-999-999-999-999-999-999-999-999-555-555-555-555-555        
PA 2  64-150-999-999-999-999-999-999-999-999-999-555-555-999-999-555-555        
PA 2  62-150-555-555-555-555-555-555-999-555-555-555-555-555-555-999-555        
PA 2  60-150-555-555-555-555-555-555-555-555-555-555-555-555-555-555-555        
PA 2  58-150-555  20  23  25  27  30-555-555-555-555-555-555-555-555-555        
PA 2  56-150  17  21  24  24  27  30  32  32-555-555-555-555-555-555-555        
PA 2  54-150  16  20  23  25  28  31  32  33  34  35-555-555-555-555-555        
PA 2  52-150  15  19  21  24  27  30  32  34  35  35  37-555-555-555-555        
PA 2  50-150  18  19  21  24  27  31  33  36  38  40  39  37-555-555-555        
PA 2  48-150  30  30  31  32  33  36  39  40  43  45  43  41  40-999-999        
PA 2  46-150  40  41  42  43  45  47  48  49  49  50  50  51  52-999-999        
PA 2  44-150  55  58  59  60  60  60  60  60  60  57  53  49  49-999-999        
PA 2  42-150  80  80  80  80  80  80  80  80  75  70  60  52  50-999-999        
PA 2  40-150 105 105 105 106 106 105 103 102 100  98  90  70  70  70-999        
PA 2  38-150 128 128 128 127 126 125 121 120 119 111 110 100  96  90-999        
PA 2  36-150 149 147 146 145 143 140 140 140 137 130 130 120 117 110 110        
PA 2  34-150 170 170 169 165 163 161 160 158 154 150 145 140 135 129 124        
PA 2  32-150 191 190 190 187 182 180 179 173 170 164 160 150 150 145 140        
PA 2  30-150 208 205 202 200 199 193 190 187 180 179 170 165 160 160 155        
PA 2  28-150 219 214 212 210 208 203 200 196 191 190 184 180 178 173 170        
PA 2  26-150 232 229 223 220 217 212 210 204 200 199 193 190 188 185 182        
PA 2  24-150 240 239 236 231 230 222 218 214 209 206 202 199 198 194 192        
PA 2  22-150 247 244 243 241 240 230 228 222 219 214 210 207 203 210 200        
PA 2  20-150 252 250 248 245 243 240 235 231 230 223 220 215 213 212 210        
PA 2  18-150 255 254 253 250 247 245 241 239 236 232 230 225 223 220 220        
PA 2  16-150 260 257 256 254 252 250 247 244 241 240 238 234 232 230 230        
PA 2  14-150 262 260 258 257 254 250 250 250 248 246 243 240 240 240 238        
PA 2  12-150 267 266 264 262 260 259 258 255 252 252 250 248 247 245 243        
PA 2  10-150 270 268 267 266 265 263 262 260 260 258 258 253 252 251 251        
PA 2   8-150 273 272 271 270 269 268 267 266 265 264 263 261 260 260 260        
PA 2   6-150 274 274 273 273 272 273 271 271 270 270 270 269 270 270 270        
PA 2   4-150 274 273 273 273 273 275 275 275 275 275 275 275 275 275 275        
PA 2   2-150 274 273 273 273 273 270 270 270 270 270 270 270 270 270 270        
PA 2   0-150 274 273 273 270 268 268 268 268 268 268 268 268 268 268 264        
PA 2  -2-150 274 273 273 269 267 266 266 265 265 266 266 266 266 263 260        
PA 2  -4-150 277 276 276 275 270 268 267 265 265 265 265 265 265 265 264        
PA 2  -6-150 280 278 275 275 270 268 268 268 268 267 267 267 267 263 265        
PA 2  -8-150 287 284 281 280 278 275 271 270 270 269 269 269 268 268 267        
PA 2 -10-150 291 291 290 288 286 284 278 277 276 273 272 271 270 270 270        
PA 2 -12-150 293 293 293 292 292 290 283 282 281 281 280 280 280 279 278        
PA 2 -14-150 295 295 295 294 293 291 290 289 285 283 283 285 285 284 283        
PA 2 -16-150 293 293 293 292 292 292 291 289 287 287 287 287 289 292 291        
PA 2 -18-150 290 290 290 290 290 290 289 287 286 285 286 287 289 290 290        
PA 2 -20-150 285 285 285 284 284 284 283 282 283 283 283 285 285 285 285        
PA 2 -22-150 280 280 280 278 278 277 276 276 277 278 278 278 279 279 279        
PA 2 -24-150 272 270 270 270 269 269 269 269 269 269 269 269 269 269 268        
PA 2 -26-150 264 261 260 260 260 259 259 259 260 260 260 260 260 260 260        
PA 2 -28-150 254 253 252 250 250 250 250 250 250 250 250 250 250 250 250        
PA 2 -30-150 246 244 240 240 240 240 240 240 240 240 240 240 240 241 241        
PA 2 -32-150 235 232 233 232 231 230 230 229 229 229 229 229 229 229 229        
PA 2 -34-150 224 224 223 221 220 220 219 218 218 218 218 218 218 218 218        
PA 2 -36-150 213 212 211 210 210 210 210 208 208 208 207 207 206 206 206        
PA 2 -38-150 200 200 200 200 199 198 196 195 195 195 195 195 195 195 195        
PA 2 -40-150 187 187 189 188 186 184 182 181 180 181 182 182 182 181 181        
PA 2 -42-150 172 171 170 168 167 166 166 166 166 166 165 165 165 165 166        
PA 2 -44-150 152 151 150 150 150 150 150 150 150 149 149 148 147 146 144        
PA 2 -46-150 120 120 120 120 120 120 120 120 121 122 122 123 123 123 123        
PA 2 -48-150  82  84  85  87  87  88  89  90  90  91  92  93  94  95  96        
PA 2 -50-150  63  64  65  66  67  68  69  69  70  70  71  72  73  74  74        
PA 2 -52-150  51  52  53  54  55  56  57  58  59  60  60  61  62  62  63        
PA 2 -54-150  41  42  43  44  45  47  47  48  49  49  50  50  50  51  52        
PA 2 -56-150  15  17  34  35  36  37  38  39  39  40  40  40  40  40  39        
PA 2 -58-150  13  15  18  20  20  21  24  26  28  30  30  30  30  31  31        
PA 2 -60-150-444-444-444-444-444-444-444-444-444-444-444-444-444-444-444        
PA 2 -62-150-444-444-444-444-444-444-444-444-444-444-444-444-444-444-444        
PA 2 -64-150-444-444-444-444-444-444-444-444-444-444-444-444-444-444-444        
PA 2 -66-150-444-444-444-444-444-444-444-444-444-444-444-444-444-444-444        
PA 2 -68-150-444-444-444-444-444-444-444-444-444-444-444-444-444-444-444        
PA 2 -70-150-444-444-444-444-444-444-444-444-444-444-444-444-444-444-444        
PA 2 -72-150-444-444-444-444-444-444-444-444-444-444-444-444-444-444-444        
PA 2 -74-150-444-444-444-444-444-444-444-444-444-444-444-444-555-555-555        
PA 2 -76-150-555-555-555-555-555-555-555-555-555-555-555-555-555-555-555        
PA 2 -78-150-555-555-555-555-555-555-555-555-555-555-555-555-555-555-555        
PA 2 -80-150-555-555-555-555-555-555-555-555-555-555-555-555-555-555-555        
PA 2 -82-150-555-555-555-555-555-555-555-555-555-555-555-555-555-555-555        
PA 2 -84-150-555-555-555-555-555-555-555-555-555-555-555-555-555-555-555        
PA 2 -86-150-555-555-555-555-555-555-555-555-555-555-555-555-555-555-555        
PA 2 -88-150-555-555-555-555-555-555-555-555-555-555-555-555-555-555-555        
PA 2 -90-150-555-555-555-555-555-555-555-555-555-555-555-555-555-555-555        
PA 2  90-120-444-444-444-444-444-444-444-444-444-444-444-444-444-444-444        
PA 2  88-120-444-444-444-444-444-444-444-444-444-444-444-444-444-444-444        
PA 2  86-120-444-444-444-444-444-444-444-444-444-444-444-444-444-444-444        
PA 2  84-120-444-444-444-444-444-444-444-444-444-444-444-444-444-444-444        
PA 2  82-120-444-444-444-444-444-444-444-444-444-444-444-444-444-444-555        
PA 2  80-120-444-444-444-444-444-444-444-555-555-555-555-555-555-555-555        
PA 2  78-120-444-444-555-555-555-555-555-555-555-555-555-555-555-555-555        
PA 2  76-120-555-555-555-555-555-555-555-555-555-555-555-555-555-555-555        
PA 2  74-120-999-999-555-555-555-555-555-555-555-555-555-555-555-555-555        
PA 2  72-120-555-555-555-555-555-555-555-555-555-555-555-555-555-555-555        
PA 2  70-120-555-555-555-555-555-555-555-555-555-555-555-555-555-555-555        
PA 2  68-120-555-555-555-555-555-555-555-555-555-555-555-555-555-555-555        
PA 2  66-120-555-555-555-555-555-555-555-555-555-555-555-555-555-555-555        
PA 2  64-120-555-555-555-555-555-555-555-555-555-555-555-555-555-555-555        
PA 2  62-120-555-555-555-555-555-555-555-555-555-555-555-555-555-555-555        
PA 2  60-120-555-555-555-555-555-555-555-555-555-555-555-555-555-555-555        
PA 2  58-120-555-555-555-555-555-555-555-555-555-555-555-555-555-555-555        
PA 2  56-120-555-555-555-555-555-555-555-555-555-555-555-555-555-555-555        
PA 2  54-120-555-555-555-555-555-555-555-555-555-555-555-555-555-555-555        
PA 2  52-120-555-555-555-555-555-555-555-555-555-555-555-555-555-555-555        
PA 2  50-120-555-555-555-555-555-555-555-555-555-555-555-555-555-555-555        
PA 2  48-120-999-999-999-555-999-555-555-999-999-999-555-555-555-555-555        
PA 2  46-120-999-999-999-999-999-999-999-999-999-999-999-555-555-555-555        
PA 2  44-120-999-999-999-999-999-999-999-999-999-999-999-555-999-555-999        
PA 2  42-120-999-999-999-999-999-999-999-999-999-999-999-999-999-999-999        
PA 2  40-120-999-999-999-999-999-999-999-999-999-999-999-999-999-999-999        
PA 2  38-120-999-999-999-999-999-999-999-999-999-999-999-999-999-999-999        
PA 2  36-120-999-999-999-999-999-999-999-999-999-999-999-999-999-999-999        
PA 2  34-120 123-999-999-999-999-999-999-999-999-999-999-999-999-999-999        
PA 2  32-120 140 138-999-999-999-999-999-999-999-999-999-999-999-999-999        
PA 2  30-120 150 150 155-999-999-999-999-999-999-999-999-999-999-999-999        
PA 2  28-120 170 169 170-999 175-999-999-999-999-999-999-999 190 192 195        
PA 2  26-120 180 180 183 190-999 195-999-999-999-999-999-999 199 208 204        
PA 2  24-120 192 192 196 198 200 205 205-999-999-999-999-999 200 225 209        
PA 2  22-120 200 200 202 207 210 210 211 216-999-999-999 204 204 223 209        
PA 2  20-120 210 210 210 214 219 220 222 227-999-999-999-999 207 210 214        
PA 2  18-120 220 220 220 222 228 230 232 236 240 244-999-999-999-999-999        
PA 2  16-120 229 229 229 230 234 238 240 250 253 260 263 260 260-999-999        
PA 2  14-120 236 237 238 240 240 242 250 255 260 265 270 260 248 248 250        
PA 2  12-120 243 243 244 249 250 252 255 260 265 270 275 260 255 255 256        
PA 2  10-120 251 252 253 254 257 258 260 265 270 271 270 265 261 261 260        
PA 2   8-120 260 260 260 260 262 265 270 270 272 273 273 270 265 265 265        
PA 2   6-120 270 270 270 270 271 271 272 272 275 275 273 271 271 270 270        
PA 2   4-120 275 275 275 275 275 274 274 272 272 272 272 275 275 265 263        
PA 2   2-120 270 270 270 270 270 269 268 268 269 269 269 270 271 272 273        
PA 2   0-120 260 260 260 259 259 259 259 259 260 260 260 260 265 266 268        
PA 2  -2-120 259 265 265 265 265 265 265 264 263 262 262 262 261 260 260        
PA 2  -4-120 262 260 260 263 264 263 263 265 264 264 263 263 263 263 260        
PA 2  -6-120 265 264 263 262 262 261 261 261 260 260 260 260 261 262 266        
PA 2  -8-120 268 268 266 264 262 260 260 260 260 258 258 258 259 260 263        
PA 2 -10-120 269 269 267 264 260 258 257 256 255 254 254 253 254 255 257        
PA 2 -12-120 277 275 270 266 263 260 258 256 254 249 248 248 248 248 249        
PA 2 -14-120 283 282 280 277 271 264 260 260 255 250 247 244 240 239 240        
PA 2 -16-120 290 287 283 281 278 275 270 267 260 255 250 245 240 238 235        
PA 2 -18-120 290 282 285 282 279 277 275 270 267 261 257 250 245 241 240        
PA 2 -20-120 285 285 280 280 277 275 273 272 268 265 260 257 250 248 244        
PA 2 -22-120 278 277 274 273 273 272 271 270 268 266 262 258 255 251 247        
PA 2 -24-120 268 268 267 266 265 265 265 264 261 260 259 257 255 252 249        
PA 2 -26-120 259 258 257 257 256 255 255 255 252 250 250 250 250 250 247        
PA 2 -28-120 250 250 250 250 249 248 248 247 245 244 244 244 245 245 243        
PA 2 -30-120 241 240 240 240 240 240 238 237 237 237 237 238 237 237 238        
PA 2 -32-120 229 229 229 228 227 226 225 223 223 223 223 224 224 226 226        
PA 2 -34-120 218 218 218 218 217 216 215 214 213 213 213 213 214 215 215        
PA 2 -36-120 206 206 206 206 206 205 203 203 202 202 202 202 202 202 202        
PA 2 -38-120 195 194 194 194 194 193 193 193 192 192 191 190 190 190 190        
PA 2 -40-120 181 181 181 180 181 182 182 181 181 181 180 180 180 180 180        
PA 2 -42-120 167 167 168 168 168 168 167 167 167 166 166 166 166 166 166        
PA 2 -44-120 143 143 144 144 144 144 144 145 144 143 144 145 145 145 144        
PA 2 -46-120 123 123 123 123 122 122 120 120 120 120 120 120 120 120 120        
PA 2 -48-120  97  98  99 100 100 100 100 100 100  99  99  99  99  99 100        
PA 2 -50-120  75  76  77  78  80  80  82  84  84  85  86  87  87  88  88        
PA 2 -52-120  64  64  63  64  65  66  67  68  67  68  68  69  70  70  72        
PA 2 -54-120  52  52  52  52  51  51  51  51  50  50  50  50  51  52  53        
PA 2 -56-120  39  39  39  39  39  40  40  40  42  42  42  42  43  43  43        
PA 2 -58-120  31  31  31  31  30  30  30  31  32  32  33  33  33  33  33        
PA 2 -60-120   0   1   4   5   6   7   8  10   9  10  10  10  10  10  13        
PA 2 -62-120-444-444-444-444-444-444-444-444-444-444-444-444-444-444-444        
PA 2 -64-120-444-444-444-444-444-444-444-444-444-444-444-444-444-444-444        
PA 2 -66-120-444-444-444-444-444-444-444-444-444-444-444-444-444-444-444        
PA 2 -68-120-444-444-444-444-444-444-444-444-444-444-444-444-444-444-444        
PA 2 -70-120-444-444-444-444-444-444-444-444-444-444-444-444-444-444-444        
PA 2 -72-120-444-444-444-444-444-444-444-555-555-555-555-555-555-555-555        
PA 2 -74-120-555-555-555-555-555-555-555-555-555-555-555-555-555-555-555        
PA 2 -76-120-555-555-555-555-555-555-555-555-555-555-555-555-555-555-555        
PA 2 -78-120-555-555-555-555-555-555-555-555-555-555-555-555-555-555-555        
PA 2 -80-120-555-555-555-555-555-555-555-555-555-555-555-555-555-555-555        
PA 2 -82-120-555-555-555-555-555-555-555-555-555-555-555-555-555-555-555        
PA 2 -84-120-555-555-555-555-555-555-555-555-555-555-555-555-555-555-555        
PA 2 -86-120-555-555-555-555-555-555-555-555-555-555-555-555-555-555-555        
PA 2 -88-120-555-555-555-555-555-555-555-555-555-555-555-555-555-555-555        
PA 2 -90-120-555-555-555-555-555-555-555-555-555-555-555-555-555-555-555        
PA 2  90 -90-444-444-444-444-444-444-444-444-444-444-444-444-444-444-444        
PA 2  88 -90-444-444-444-444-444-444-444-444-444-444-444-444-444-444-444        
PA 2  86 -90-444-444-444-444-444-444-444-444-444-444-444-444-444-444-444        
PA 2  84 -90-444-444-444-444-444-444-444-444-444-444-444-444-444-444-444        
PA 2  82 -90-555-555-555-555-555-555-555-555-555-555-555-555-555-555-999        
PA 2  80 -90-555-555-555-555-555-555-555-555-555-555-555-555-555-555-555        
PA 2  78 -90-555-555-555-555-555-555-555-555-555-555-555-555-555-555-555        
PA 2  76 -90-555-555-555-555-555-555-555-555-555-444-444-555-555-555-555        
PA 2  74 -90-555-555-555-555-444-444-444-444-444-444-444-444-444-444-444        
PA 2  72 -90-555-555-555-555-555-444-444-444-444-444-444-444-444-444-444        
PA 2  70 -90-555-555-555-555-555-555-555-555-555-555-444-444-444-444-444        
PA 2  68 -90-555-555-555-555-555-555-555-555-555-555-555-555-444-444-444        
PA 2  66 -90-555-555-555-555-555-555-555-555-555-555-555-555-444-444-444        
PA 2  64 -90-555-555-555-555-555-555-555-555-555-555-555-555-555-444-444        
PA 2  62 -90-555-555-555-555-555-555-555-555-555-555-555-555-444-444-444        
PA 2  60 -90-555-555-555-555-555-555-555-555-555-555-555-555-555-555-444        
PA 2  58 -90-555-555-555-555-555-555-555-555-555-555-555-555-555-555-555        
PA 2  56 -90-555-555-555-555-555-555-555-555-555-555-555-555-555-555-555        
PA 2  54 -90-555-555-555-555-555-555-555-555-555-555-555-555-555-555-555        
PA 2  52 -90-555-555-555-555-555-555-555-555-555-555-555-555-555-555-555        
PA 2  50 -90-555-555-555-555-555-555-555-555-555-555-555-555-555-555-555        
PA 2  48 -90-555-555-555-555-555-555-555-555-555-555-555-555-555-555-555        
PA 2  46 -90-555-555-555-555-555-555-555-555-555-555-555-555-555-555-555        
PA 2  44 -90-999-555-555-555-555-555-555-555-555-555-555-555-555-444-444        
PA 2  42 -90-999-555-555-555-555-555-999-555-555-555-555-444-444-444-444        
PA 2  40 -90-999-555-555-555-999-999-999-999-999  35  50  65  70  75  78        
PA 2  38 -90-999-999-999-999-999-999-999-999  95 118 133 138 125 119 113        
PA 2  36 -90-999-999-999-999-999-999-999-999 150 169 170 164 161 154 147        
PA 2  34 -90-999-999-999-999-999-999-999 178 180 176 172 169 167 165 164        
PA 2  32 -90-999-999-999-999-999-999 192 180 177 176 175 173 172 172 172        
PA 2  30 -90-999-999 198-999-999 200 191 184 180 179 179 179 179 178 178        
PA 2  28 -90 198 198 198 200-999 211 208 200 195 193 192 191 191 191 190        
PA 2  26 -90 204 204 204 209 213-999 218 220 215 210 207 205 204 203 203        
PA 2  24 -90 208 208 215 218 218 221 219 221 222 220 216 214 213 213 212        
PA 2  22 -90-999-999 214 218 220 221-999 223 223 222 221 220 220 220 220        
PA 2  20 -90-999-999 220 221 222 223 223 224 225-999 223 224 223 223 224        
PA 2  18 -90-999-999 221 222 223 224 224 225 226 226 225 226 226 227 228        
PA 2  16 -90-999-999-999-999 224 225 225 226 227 227 227 228 229 230 231        
PA 2  14 -90-999-999-999-999 225 225 226 227 228 228 229 230 231 232 233        
PA 2  12 -90 260 264-999-999 225 226 227 227 228-999-999 231 232 233 236        
PA 2  10 -90 265 270 273-999 226 226 227 227-999-999-999-999-999-999-999        
PA 2   8 -90 270 271 275 267-999-999-999-999-999-999-999-999-999-999-999        
PA 2   6 -90 271 272 273 267 260 250 245-999-999-999-999-999-999-999-999        
PA 2   4 -90 263 270 270 267 263 252 249-999-999-999-999-999-999-999-999        
PA 2   2 -90 271 269 262 264 262 250-999-999-999-999-999-999-999-999-999        
PA 2   0 -90 269 266 254 250 245-999-999-999-999-999-999-999-999-999-999        
PA 2  -2 -90 268 272 270 245 230-999-999-999-999-999-999-999-999-999-999        
PA 2  -4 -90 267 274 273 258 234-999-999-999-999-999-999-999-999-999-999        
PA 2  -6 -90 265 270 275 268 230-999-999-999-999-999-999-999-999-999-999        
PA 2  -8 -90 265 268 271 266 239 228-999-999-999-999-999-999-999-999-999        
PA 2 -10 -90 260 264 268 265 240 228-999-999-999-999-999-999-999-999-999        
PA 2 -12 -90 250 260 260 260 250 230 225-999-999-999-999-999-999-999-999        
PA 2 -14 -90 244 250 250 254 254 240 225-999-999-999-999-999-999-999-999        
PA 2 -16 -90 238 240 242 248 248 241 230 218-999-999-999-999-999-999-999        
PA 2 -18 -90 237 233 230 235 240 240 234 220 208 204-999-999-999-999-999        
PA 2 -20 -90 240 235 229 228 230 230 230 223 210 193-999-999-999-999-999        
PA 2 -22 -90 243 240 230 228 228 226 225 222 210 190 190-999-999-999-999        
PA 2 -24 -90 245 241 237 230 223 218 215 211 203 188-999-999-999-999-999        
PA 2 -26 -90 246 243 240 232 225 217 210 200 190 178-999-999-999-999-999        
PA 2 -28 -90 243 243 241 239 227 216 204 190 179 168-999-999-999-999-999        
PA 2 -30 -90 238 238 234 230 221 212 200 184 170 158-999-999-999-999-999        
PA 2 -32 -90 227 227 226 220 217 209 198 179 161 153-999-999-999-999-999        
PA 2 -34 -90 216 215 214 212 209 200 187 168 154 145-999-999-999-999-999        
PA 2 -36 -90 203 203 202 200 196 189 175 156 145-999-999-999-999-999-999        
PA 2 -38 -90 191 190 190 188 180 171 160 143 131-999-999-999-999-999-999        
PA 2 -40 -90 179 178 176 171 170 160 150 133 121-999-999-999-999-999-999        
PA 2 -42 -90 166 164 162 159 153 147 136 128 125-999-999-999-999-999-999        
PA 2 -44 -90 144 144 140 138 135 130 125 119-999-999-999-999-999-999  87        
PA 2 -46 -90 120 120 120 118 116 115 112 106-999-999-999-999-999-999  83        
PA 2 -48 -90 100 100 101 101 101 100  98  93-999-999-999-999-999-999  71        
PA 2 -50 -90  88  89  89  90  90  90  87  84-999-999-999-999-999-999  54        
PA 2 -52 -90  73  74  74  75  76  76  76  76  72-999-999-999-999-999  50        
PA 2 -54 -90  54  56  57  58  59  61  62  63  64-999-999-999-999  47  45        
PA 2 -56 -90  43  44  45  45  46  47  47  47  48  49  49  47  47  47  42        
PA 2 -58 -90  33  33  34  35  36  36  37  37  38  38  38  38  37  31  20        
PA 2 -60 -90   8   8   9  10  11  11  11  10  10   8   7   4   1-444-444        
PA 2 -62 -90-444-444-444-444-444-444-444-444-444-444-444-444-444-444-444        
PA 2 -64 -90-444-444-444-444-444-444-444-444-444-444-444-444-444-555-555        
PA 2 -66 -90-444-444-444-444-444-444-444-444-444   -555 -555-555-555-555        
PA 2 -68 -90-444-444-444-444-444-444-444-444-444-555-555-555-555-555-555        
PA 2 -70 -90-444-444-444-444-555-555-555-555-555-555-555-555-555-555-555        
PA 2 -72 -90-555-555-555-555-555-555-555-555-555-555-555-555-555-555-555        
PA 2 -74 -90-555-555-555-555-555-555-555-555-555-555-555-555-555-555-555        
PA 2 -76 -90-555-555-555-555-555-555-555-555-555-555-555-555-555-555-555        
PA 2 -78 -90-555-555-555-555-555-555-555-555-555-555-555-555-555-555-555        
PA 2 -80 -90-555-555-555-555-555-555-555-555-555-555-555-555-555-555-555        
PA 2 -82 -90-555-555-555-555-555-555-555-555-555-555-555-555-555-555-555        
PA 2 -84 -90-555-555-555-555-555-555-555-555-555-555-555-555-555-555-555        
PA 2 -86 -90-555-555-555-555-555-555-555-555-555-555-555-555-555-555-555        
PA 2 -88 -90-555-555-555-555-555-555-555-555-555-555-555-555-555-555-555        
PA 2 -90 -90-555-555-555-555-555-555-555-555-555-555-555-555-555-555-555        
PA 2  90 -60-444-444-444-444-444-444-444-444-444-444-444-444-444-444-444        
PA 2  88 -60-444-444-444-444-444-444-444-444-444-444-444-444-444-444-444        
PA 2  86 -60-444-444-444-444-444-444-444-444-444-444-444-444-444-444-444        
PA 2  84 -60-444-444-444-444-444-444-444-444-444-444-444-444-444-444-555        
PA 2  82 -60-555-555-555-555-555-555-555-555-555-555-555-555-555-555-555        
PA 2  80 -60-555-555-555-555-555-555-555-555-555-555-555-555-555-555-555        
PA 2  78 -60-555-555-555-555-555-555-555-555-555-555-555-555-555-555-555        
PA 2  76 -60-555-555-555-555-555-555-555-555-555-555-555-555-555-555-555        
PA 2  74 -60-444-555-555-555-555-555-555-555-555-555-555-555-555-555-555        
PA 2  72 -60-444-555-555-555-555-555-555-555-555-555-555-555-555-555-555        
PA 2  70 -60-444-444-555-555-555-555-555-555-555-555-555-555-555-555-555        
PA 2  68 -60-444-444-555-555-555-555-555-555-555-555-555-555-555-555-555        
PA 2  66 -60-444-444-444-555-555-555-555-555-555-555-555-555-555-555-555        
PA 2  64 -60-444-444-444-444-555-555-555-555-555-555-555-444-444-444-444        
PA 2  62 -60-444-444-444-444-444-444-555-555-555-555-444-444-444-444-444        
PA 2  60 -60-444-444-444-444-444-444-444-444-444-444-444-444-444-444-444        
PA 2  58 -60-444-444-444-444-444-444-444-444-444-444-444-444-444-444-444        
PA 2  56 -60-555-444-444-444-444-444-444-444-444-444-444-444-444-444   0        
PA 2  54 -60-555-555-555-444-444-444-444-444-444-444-444-444-444-444-444        
PA 2  52 -60-555-555-555-444-444-444-444-444-444-444-444-444-444-444-444        
PA 2  50 -60-555-555-555-444-444-444-444-444-444-444-444-444-444-444-444        
PA 2  48 -60-555-555-555-444-444-444-444-444-444-444-444-444-444-444-444        
PA 2  46 -60-555-444-444-444-444-444-444-444-444-444-444-444-444  17  27        
PA 2  44 -60-444-444-444-444-444-444-444-444  10  23  31  40  50  62  72        
PA 2  42 -60-444   3  10  25  38  60  65  74  81  85  89  92  96  99 100        
PA 2  40 -60  79  81  83  87  91  95 100 104 109 111 115 120 121 121 121        
PA 2  38 -60 110 111 116 120 122 126 128 129 130 132 132 134 135 135 135        
PA 2  36 -60 147 147 148 148 149 152 150 150 151 151 151 151 152 152 152        
PA 2  34 -60 164 164 164 164 164 164 163 163 163 163 162 162 162 161 160        
PA 2  32 -60 171 170 170 170 170 170 169 168 168 168 167 167 166 165 165        
PA 2  30 -60 178 178 178 177 177 177 176 176 175 174 173 172 171 169 168        
PA 2  28 -60 190 190 190 190 190 190 188 186 186 183 181 180 178 176 173        
PA 2  26 -60 202 201 200 200 200 200 200 200 198 196 193 190 186 183 185        
PA 2  24 -60 212 211 211 211 211 211 210 210 209 206 204 200 195 190 185        
PA 2  22 -60 219 219 219 218 217 217 216 215 214 213 211 207 202 197 191        
PA 2  20 -60 224 224 224 224 223 222 221 220 219 218 216 212 209 203 197        
PA 2  18 -60 228 229 229 229 229 228 227 226 225 223 222 219 216 211 205        
PA 2  16 -60 231 232 232 232 233 233 232 231 230 229 227 224 222 218 213        
PA 2  14 -60 234 235 235 236 237 237 237 236 235 234 232 230 227 225 221        
PA 2  12 -60 235 236 237 238 240 241 241 241 240 239 237 235 233 230 227        
PA 2  10 -60 236 238 239 241 242 242 244 244 244 243 242 240 238 236 233        
PA 2   8 -60-999 238 239 243 245 246 247 247 248 247 247 246 245 244 241        
PA 2   6 -60-999-999-999-999 247 249 250 251 252 253 254 254 254 253 251        
PA 2   4 -60-999-999-999-999-999 250 255 256 258 260 261 262 262 262 262        
PA 2   2 -60-999-999-999-999-999-999 256 262 265 266 266 266 267 267 267        
PA 2   0 -60-999-999-999-999-999-999-999 265 278 281 275 273 275 274 274        
PA 2  -2 -60-999-999-999-999-999-999-999-999-999 279 283 283 280 271 269        
PA 2  -4 -60-999-999-999-999-999-999-999-999-999-999-999 269 269 268 267        
PA 2  -6 -60-999-999-999-999-999-999-999-999-999-999-999-999-999 267 266        
PA 2  -8 -60-999-999-999-999-999-999-999-999-999-999-999-999-999 267 266        
PA 2 -10 -60-999-999-999-999-999-999-999-999-999-999-999-999-999 267 266        
PA 2 -12 -60-999-999-999-999-999-999-999-999-999-999-999-999 267 266 265        
PA 2 -14 -60-999-999-999-999-999-999-999-999-999-999-999 266 266 265 264        
PA 2 -16 -60-999-999-999-999-999-999-999-999-999-999-999 264 264 264 264        
PA 2 -18 -60-999-999-999-999-999-999-999-999-999-999-999 262 262 263 263        
PA 2 -20 -60-999-999-999-999-999-999-999-999-999-999 259 261 261 261 261        
PA 2 -22 -60-999-999-999-999-999-999-999-999-999-999 256 258 259 259 260        
PA 2 -24 -60-999-999-999-999-999-999-999-999-999 252 254 255 256 257 257        
PA 2 -26 -60-999-999-999-999-999-999-999 246 248 250 251 252 253 254 254        
PA 2 -28 -60-999-999-999-999-999-999 244 245 246 247 248 249 251 251 251        
PA 2 -30 -60-999-999-999-999-999-999 241 242 242 242 242 241 240 238 237        
PA 2 -32 -60-999-999-999-999-999 235 237 237 235 232 228 224 220 219 217        
PA 2 -34 -60-999-999-999-999 226 226 222 220 217 213 211 209 207 206 205        
PA 2 -36 -60-999-999-999 200 199 199 199 199 198 197 196 194 191 190 189        
PA 2 -38 -60-999-999-999 168 168 170 172 173 172 172 171 170 168 167 165        
PA 2 -40 -60-999-999 130 135 142 143 145 147 146 144 141 140 137 135 133        
PA 2 -42 -60-999 110 102 110 116 120 120 118 113 110 105 100  95  90  87        
PA 2 -44 -60  92  87  80  89  93  83  92  89  84  79  72  65  59  57  55        
PA 2 -46 -60  81  74  70  70  70  69  68  64  59  56  52  49  48  47  46        
PA 2 -48 -60  71  66  63  61  60  57  54  51  48  47  45  43  42  42  41        
PA 2 -50 -60  54  54  52  50  48  47  44  43  42  31  26  20  15  10   9        
PA 2 -52 -60-999-999  47  45  43  41  30  23  10   6   3   0-444-444-444        
PA 2 -54 -60  47  44  42  40  24  10   6   2-444-444-444-444-444-444-444        
PA 2 -56 -60  41  35  20   8   4   0-444-444-444-444-444-444-444-444-444        
PA 2 -58 -60   9   4   0-444-444-444-444-444-444-444-444-444-444-444-444        
PA 2 -60 -60-444-444-444-444-444-444-444-444-444-444-444-444-444-444-444        
PA 2 -62 -60-444-444-444-444-444-444-444-444-444-444-444-444-444-444-444        
PA 2 -64 -60-555-555-555-555-444-444-444-444-444-444-444-444-444-444-444        
PA 2 -66 -60-555-555-555-444-444-444-444-444-444-444-444-444-444-444-444        
PA 2 -68 -60-555-555-555-444-444-444-444-444-444-444-444-444-444-444-444        
PA 2 -70 -60-555-555-555-444-444-444-444-444-444-444-444-444-444-444-444        
PA 2 -72 -60-555-555-555-555-444-444-444-444-444-444-444-444-444-444-444        
PA 2 -74 -60-555-555-555-555-555-555-555-555-444-444-444-444-444-444-444        
PA 2 -76 -60-555-555-555-555-555-555-555-555-555-555-555-555-555-555-555        
PA 2 -78 -60-555-555-555-555-555-555-555-555-555-555-555-555-555-555-555        
PA 2 -80 -60-555-555-555-555-555-555-555-555-555-555-555-555-555-555-555        
PA 2 -82 -60-555-555-555-555-555-555-555-555-555-555-555-555-555-555-555        
PA 2 -84 -60-555-555-555-555-555-555-555-555-555-555-555-555-555-555-555        
PA 2 -86 -60-555-555-555-555-555-555-555-555-555-555-555-555-555-555-555        
PA 2 -88 -60-555-555-555-555-555-555-555-555-555-555-555-555-555-555-555        
PA 2 -90 -60-555-555-555-555-555-555-555-555-555-555-555-555-555-555-555        
PA 2  90 -30-444-444-444-444-444-444-444-444-444-444-444-444-444-444-444        
PA 2  88 -30-444-444-444-444-444-444-444-444-444-444-444-444-444-444-444        
PA 2  86 -30-444-444-444-444-444-444-444-444-444-444-444-444-444-444-444        
PA 2  84 -30-444-444-444-444-444-444-444-444-444-444-444-444-444-444-444        
PA 2  82 -30-555-555-555-555-555-555-555-555-444-444-444-444-444-444-444        
PA 2  80 -30-555-555-555-555-555-555-555-555-555-555-555-555-444-444-444        
PA 2  78 -30-555-555-555-555-555-555-555-555-555-555-555-444-444-444-444        
PA 2  76 -30-555-555-555-555-555-555-555-555-444-444-444-444-444-444-444        
PA 2  74 -30-555-555-555-555-555-555-444-444-444-444-444-444-444-444-444        
PA 2  72 -30-555-555-555-555-555-444-444-444-444-444-444-444-444-444-444        
PA 2  70 -30-555-555-555-555-444-444-444-444-444-444-444-444-444-444-444        
PA 2  68 -30-555-555-444-444-444-444-444-444-444-444-444-444-444-444-444        
PA 2  66 -30-444-444-444-555-555-555-555-555-555-444-444-444-444-444-444        
PA 2  64 -30-444-444-444-555-555-555-555-555-444-444-444-444-444-444-444        
PA 2  62 -30-444-444-444-444-444-444-444-444-444-444-444-444-444-444-444        
PA 2  60 -30-444-444-444-444-444-444-444-444-444-444-444-444-444-444-555        
PA 2  58 -30-444-444-444-444-444-444-444-444-444-444-444-444-555-555-555        
PA 2  56 -30-444-444-444-444-444-444-444-444-444-444-444-555-555-555-555        
PA 2  54 -30-444-444-444-444-444-444-444-444-444-444-555-999-555-555-999        
PA 2  52 -30-444-444-444-444-444-444-444-444-444-444  -3  -2-999-999-999        
PA 2  50 -30-444-444-444-444-444-444-444-444-444-444   7-999-999-999-999        
PA 2  48 -30-444-444-444-444-444-444-444-444-444-444-444  22  22-999-999        
PA 2  46 -30  25  30  31  33  33  32  30  25  20  14   9   5   3   2-999        
PA 2  44 -30  79  81  81  80  75  68  60  51  48  43  30-999-999  15-999        
PA 2  42 -30 100  99  97  93  90  87  81  75  68  60  56-999-999-999-999        
PA 2  40 -30 121 120 120 119 115 112 103  99  90  83  72-999-999-999-999        
PA 2  38 -30 135 135 135 133 132 130 128 126 121 108  90-999-999-999-999        
PA 2  36 -30 151 151 150 150 147 145 143 140 135 128 115 103-999 115 115        
PA 2  34 -30 161 160 158 156 154 153 151 147 140 131 122 109-999-999-999        
PA 2  32 -30 164 163 162 161 158 155 152 146 138 125 114-999-999-999-999        
PA 2  30 -30 167 166 164 162 160 155 150 140 128 117-999-999-999-999-999        
PA 2  28 -30 170 168 165 163 160 151 142 130 115-999-999-999-999-999-999        
PA 2  26 -30 175 170 166 162 154 143 125 110-999-999-999-999-999-999-999        
PA 2  24 -30 180 174 167 161 148 131 103-999-999-999-999-999-999-999-999        
PA 2  22 -30 186 180 171 161 145 120  98-999-999-999-999-999-999-999-999        
PA 2  20 -30 191 185 177 163 145 121  99-999-999-999-999-999-999-999-999        
PA 2  18 -30 198 191 184 171 152 133 109 100-999-999-999-999-999-999-999        
PA 2  16 -30 207 198 190 182 165 150 131-999-999-999-999-999-999-999-999        
PA 2  14 -30 217 209 199 190 179 163 139-999-999-999-999-999-999-999-999        
PA 2  12 -30 224 221 215 202 191 178 155-999-999-999-999-999-999-999-999        
PA 2  10 -30 230 227 224 221 210 200 183 180-999-999-999-999-999-999-999        
PA 2   8 -30 238 235 232 229 226 222 215 205 200-999-999-999-999-999-999        
PA 2   6 -30 250 247 245 242 239 236 235 234 235 240-999-999-999-999-999        
PA 2   4 -30 261 260 260 258 256 255 255 256 259 261 262 262 262 263 265        
PA 2   2 -30 267 267 266 265 265 264 264 263 262 262 262 262 262 263 265        
PA 2   0 -30 274 273 271 268 264 260 258 258 256 256 256 256 256 257 258        
PA 2  -2 -30 269 268 267 265 262 259 256 254 253 252 251 251 251 252 253        
PA 2  -4 -30 267 266 265 263 262 260 257 254 251 249 249 248 248 248 249        
PA 2  -6 -30 265 264 263 263 262 261 259 255 251 248 246 245 245 245 245        
PA 2  -8 -30 265 264 264 263 262 261 261 257 254 251 248 245 243 242 242        
PA 2 -10 -30 265 264 263 263 262 261 261 259 256 253 250 246 241 239 238        
PA 2 -12 -30 265 264 263 262 262 261 261 258 255 252 249 244 240 236 235        
PA 2 -14 -30 264 264 263 262 262 261 261 258 255 251 248 244 240 235 232        
PA 2 -16 -30 264 263 263 262 262 261 260 256 253 249 246 243 238 234 229        
PA 2 -18 -30 262 262 262 262 261 261 258 254 251 248 245 241 237 233 229        
PA 2 -20 -30 261 261 261 261 260 258 255 252 249 246 243 240 236 231 228        
PA 2 -22 -30 260 259 259 258 256 255 252 249 247 244 242 238 234 230 228        
PA 2 -24 -30 257 256 256 255 253 252 249 247 244 242 239 235 232 229 227        
PA 2 -26 -30 254 253 252 251 250 247 245 243 241 238 235 232 229 226 224        
PA 2 -28 -30 251 250 248 245 243 242 240 238 236 233 231 228 225 223 222        
PA 2 -30 -30 236 235 235 235 234 233 233 231 230 228 226 223 221 218 213        
PA 2 -32 -30 215 216 218 222 224 225 225 224 222 221 218 212 205 200 198        
PA 2 -34 -30 203 203 203 204 205 205 205 200 198 195 192 191 190 188 185        
PA 2 -36 -30 188 187 186 185 184 182 180 177 174 170 167 163 162 162 164        
PA 2 -38 -30 162 161 160 158 157 154 151 148 146 143 141 140 139 138 139        
PA 2 -40 -30 131 130 129 129 128 128 127 126 125 124 123 123 122 122 121        
PA 2 -42 -30  82  81  82  87  92 100 103 106 106 106 105 104 102 100  98        
PA 2 -44 -30  53  52  51  52  56  60  63  67  69  70  70  70  70  69  68        
PA 2 -46 -30  46  46  45  45  45  45  46  46  47  47  48  48  48  49  49        
PA 2 -48 -30  40  40  38  35  33  32  31  30  30  30  30  30  30  30  31        
PA 2 -50 -30   7   6   5   5   5   4   4   4   4   4   4   5   6   7   7        
PA 2 -52 -30-444-444-444-444-444-444-444-444-444-444-444-444-444-444-444        
PA 2 -54 -30-444-444-444-444-444-444-444-444-444-444-444-444-444-444-444        
PA 2 -56 -30-444-444-444-444-444-444-444-444-444-444-444-444-444-444-444        
PA 2 -58 -30-444-444-444-444-444-444-444-444-444-444-444-444-444-444-444        
PA 2 -60 -30-444-444-444-444-444-444-444-444-444-444-444-444-444-444-444        
PA 2 -62 -30-444-444-444-444-444-444-444-444-444-444-444-444-444-444-444        
PA 2 -64 -30-444-444-444-444-444-444-444-444-444-444-444-444-444-444-444        
PA 2 -66 -30-444-444-444-444-444-444-444-444-444-444-444-444-444-444-444        
PA 2 -68 -30-444-444-444-444-444-444-444-444-444-444-444-444-444-444-444        
PA 2 -70 -30-444-444-444-444-444-444-444-444-444-444-444-444-444-444-555        
PA 2 -72 -30-444-444-444-444-444-444-444-444-555-555-555-555-555-555-555        
PA 2 -74 -30-444-444-444-444-555-555-555-555-555-555-555-555-555-555-555        
PA 2 -76 -30-555-555-555-555-555-555-555-555-555-555-555-555-555-555-555        
PA 2 -78 -30-555-555-555-555-555-555-555-555-555-555-555-555-555-555-555        
PA 2 -80 -30-555-555-555-555-555-555-555-555-555-555-555-555-555-555-555        
PA 2 -82 -30-555-555-555-555-555-555-555-555-555-555-555-555-555-555-555        
PA 2 -84 -30-555-555-555-555-555-555-555-555-555-555-555-555-555-555-555        
PA 2 -86 -30-555-555-555-555-555-555-555-555-555-555-555-555-555-555-555        
PA 2 -88 -30-555-555-555-555-555-555-555-555-555-555-555-555-555-555-555        
PA 2 -90 -30-555-555-555-555-555-555-555-555-555-555-555-555-555-555-555        
