PF    83   1   0   0   0   0   0   0   0   0   0   0   0   0   0   0   0        
PF    81   1   0   0   0   0   0   0   0   0   0   0   0   0   0   0   0        
PF    79   1   0   0   0   0  22  22   0   0   0   0   0   0   0   0  21        
PF    77   1   0   0   0   0   0  22  22   0   0  21  21  21  21  21   0        
PF    75   1   0   0   0   0   0   0   0  22  21  21   0   0   0   0   0        
PF    73   1   0   0   0   0   0   0   0   0   0   0   0   0   0   0   0        
PF    71   1   0   0   0   0   0   0   0   0  21  22  22  22  22  22  22        
PF    69   1   0   0   0   0   0  22  22  22   0   0   0   0   0   0   0        
PF    67   1   0   0   0  22  22   0   0   0   0   0   0   0   0   0   0        
PF    65   1   0   0  22   0   0   0   0   0   0   0   0   0   0   0   0        
PF    63   1   0  22  22   0   0   0   0   0   0   0   0   0   0   0   0        
PF    61   1   0   0   0   0   0   0   0   0   0   0   0   0   0   0   0        
PF    59   1   0   0   0   0   0   0   0   0   0   0   0   0   0   0   0        
PF    57   1   0   0   0  22  22   0   0   0   0   0   0   0   0   0   0        
PF    55   1   0   0  22  22  22  22   0   0   0   0   0   0   0  22  22        
PF    53   1  22  22  22  22  22  22   0   0   0  22  22  22  22  22  22        
PF    51   1  22  31  32  32  32  31  31  31  32  31  32  32  31  23  22        
PF    49   1  32  32  23  32  32  23  31  31  32  32  32  23  31  31  23        
PF    47   1  31  23  22  23  22  22  22  22  31  31  32  22  22  22  23        
PF    45   1  22  22  22  22  22  22  22  22  21  22  22  23  31  31  22        
PF    43   1  22  22  22  22  22  22  22  22  21  22  22  22  22  22  22        
PF    41   1  22  22   0   0  22  22  22  22  21  22  22  22  22  22  22        
PF    39   1  22  22  22   0  22   0  22  22  21  22  22  22  22  22  22        
PF    37   1  22  22  22  22  22  22  22  22  21   0  22  22  22  22  22        
PF    35   1  22  22  22  22  22  22  22   0   0   0   0  22  22  22   0        
PF    33   1  41  41  41  41  42  41  41  41   0  33  42  42  33   0   0        
PF    31   1  43  43  43  43  43  41  42  43  33  42  42  42  33  43  42        
PF    29   1  41  33  43  42  33  41  41  31  33  43  42  43  41  41  41        
PF    27   1  33  33  22  32  33  41  33  33  22  43  42  42  42  42  42        
PF    25   1  23  32  31  23  31  32  51  31  43  43  43  32  33  42  42        
PF    23   1  32  33  31  31  42  33  41  23  43  31  41  41  41  42  43        
PF    21   1  33  41  42  41  42  43  32  31  31  33  42  43  42  51  42        
PF    19   1  33  41  42  33  23  51  51  51  43  41  33  32  51  51  42        
PF    17   1  33  41  42  42  43  51  51  51  51  51  33  41  51  51  42        
PF    15   1  33  33  33  41  43  42  43  42  42  32  32  33  33  41  33        
PF    13   1  33  33  33  33  33  33  33  33  33  33  33  33  33  33  33        
PF    11   1  33  33  33  33  33  33  33  33  33  33  33  33  33  33  23        
PF     9   1  22  21  22  21  31  23  23  23  23  31  23  22  22  31  31        
PF     7   1  22  22  21  21  23  21  22  22  23  23  22  21  22  23  23        
PF     5   1  22   0  22  13  21  21  21  21  22  22  22  22  22  22  22        
PF     3   1   0   0   0  22  21  21  21  21  22  13  21  22  22  22  22        
PF     1   1   0   0   0  22  21  21  21  21  13  13  13  21  22  22  21        
PF    -1   1   0   0   0  22  21  21  21  21  13  13  22  22  22  22  13        
PF    -3   1   0   0   0   0  21  21  21  21  22  22  22  22  22  22  22        
PF    -5   1   0   0   0   0   0  21  21  21  22  22  22  22  22  22  22        
PF    -7   1   0   0   0   0   0   0  21  21  22  22  22  22  22  22  22        
PF    -9   1   0   0   0   0   0   0  21  21  22  22  22  22  23  23  23        
PF   -11   1   0   0   0   0   0   0  23  23  31  31  31  31  31  31  31        
PF   -13   1   0   0   0   0   0   0  42  32  31  31  31  32  31  31  31        
PF   -15   1   0   0   0   0   0  43  42  32  31  32  31  31  31  31  31        
PF   -17   1   0   0   0   0   0  43  42  51  43  31  31  31  31  31  32        
PF   -19   1   0   0   0   0   0  43  42  51  33  31  32  31  32  31  31        
PF   -21   1   0   0   0   0   0   0  42  41  31  32  32  32  32  31  23        
PF   -23   1   0   0   0   0   0   0  42  43  31  32  32  32  32  23  23        
PF   -25   1   0   0   0   0   0   0   0  43  41  32  32  32  32  23  23        
PF   -27   1   0   0   0   0   0   0   0  43  42  32  32  32  31  23  23        
PF   -29   1   0   0   0   0   0   0   0  43  41  42  32  31  23  31  31        
PF   -31   1   0   0   0   0   0   0   0   0  42  42  31  31  31  23  31        
PF   -33   1   0   0   0   0   0   0   0   0  42  33  31  23  31  31  31        
PF   -35   1   0   0   0   0   0   0   0   0   0  33  32  32  32  32   0        
PF   -37   1   0   0   0   0   0   0   0   0   0  33  32   0   0   0   0        
PF   -39   1   0   0   0   0   0   0   0   0   0   0   0   0   0   0   0        
PF   -41   1   0   0   0   0   0   0   0   0   0   0   0   0   0   0   0        
PF   -43   1   0   0   0   0   0   0   0   0   0   0   0   0   0   0   0        
PF   -45   1   0   0   0   0   0   0   0   0   0   0   0   0   0   0   0        
PF   -47   1   0   0   0   0   0   0   0   0   0   0   0   0   0   0   0        
PF   -49   1   0   0   0   0   0   0   0   0   0   0   0   0   0   0   0        
PF   -51   1   0   0   0   0   0   0   0   0   0   0   0   0   0   0   0        
PF   -53   1   0   0   0   0   0   0   0   0   0   0   0   0   0   0   0        
PF   -55   1   0   0   0   0   0   0   0   0   0   0   0   0   0   0   0        
PF    83  31   0   0   0   0   0   0   0   0   0   0   0   0   0   0   0        
PF    81  31   0   0   0   0   0   0   0   0   0   0   0   0   0   0   0        
PF    79  31   0   0   0   0   0   0   0  11  11  11  11  11  11  11  11        
PF    77  31   0   0   0   0   0   0   0   0   0  11  11  11  11  11  11        
PF    75  31   0   0   0   0   0   0   0   0   0  11  11  11  11  11  11        
PF    73  31   0   0   0   0   0   0   0   0   0  11  11  11  11  11  11        
PF    71  31  22  11  11   0   0   0   0   0   0  11  11  11  11  11  11        
PF    69  31   0   0   0   0   0   0   0  11  11  11  11  11  11  11  11        
PF    67  31   0   0   0   0   0   0   0  11  12  11  11  11  11  11  12        
PF    65  31   0   0   0   0   0   0   0  12  12  11  11  11  11  11  13        
PF    63  31   0   0   0   0   0   0   0  12  12  12  11  11  11  11  13        
PF    61  31   0   0   0   0   0  12  12  12  12  12  12  12  11  12  21        
PF    59  31   0   0   0   0  12  13  12  13  12  12  12  12  13  12  22        
PF    57  31   0   0  12  12  12  13  12  21  21  21  13  13  12  13  21        
PF    55  31  21  12  12  21  22  22  21  21  21  21  12  12  13  21  22        
PF    53  31  21  23  32  22  23  22  23  22  31  13  13  11  11  21  21        
PF    51  31  21  32  32  32  32  32  32  32  32  13   0   0  13  13  13        
PF    49  31  31  32  32  32  32  32  32  32   0   0   0   0  23  23  23        
PF    47  31  31  32  32  32  32  32  32  32   0   0   0   0  31  31  31        
PF    45  31  21  32  32  32  32  32  32  32  32   0  31  33  33  33  31        
PF    43  31   0   0   0   0  22  12  22  23  23   0  23  33  33  33  33        
PF    41  31  23  22  22  22  22  22  22  23  23  32  22  33  33  32  33        
PF    39  31  23  23  23  23  23  31  33  23  23  23   0  33  33  33  33        
PF    37  31  23  23  23  31  31  23  31  31  31  31  23  33  32  33  32        
PF    35  31   0  22  23  33  42  32  32  32  31  32  31  32  32  32  32        
PF    33  31  23   0  23  32  42  42  42  23  31  32  32  32  32  31  31        
PF    31  31  23  32  32  32  42  42  42  41  32  22  32  32  32  32  32        
PF    29  31  32  32  32  33  43  43  42  42  32  32  32  32  32  32  31        
PF    27  31  33  32  31  31  42  41  42  41  41  33  33  32  32  33  32        
PF    25  31  41  32  23  31  31  33  41  41  41  41  42  33  42  31  32        
PF    23  31  41  31  23  32  31  33  32  33  42  41  42  42  41  31  31        
PF    21  31  33  32  31  23  32  31  33  42  42  41  42  42  42  32  32        
PF    19  31  41  32  31  23  41  31  32  43  43  42  42  41  33  32  32        
PF    17  31  33  22  31  23  33  21  31  43  41  33  33  33  32  32   0        
PF    15  31  33  21  23  23  32  23  33  41  33  32  21  32   0   0   0        
PF    13  31  33  21  23  22  32  23  23  33  32  32   0  32   0   0   0        
PF    11  31  23  21  31  21  22  31  33  33  32  32  32  32   0   0   0        
PF     9  31  31  21  31  21  22  32  33  33  33  32  32   0   0   0   0        
PF     7  31  22  21  23  23  21  32  31  32  32  23   0   0   0   0   0        
PF     5  31  21  21  21  31  31  23  23  21  31  23   0   0   0   0   0        
PF     3  31  22  21  22  22  22  22  22  31  22   0   0   0   0   0   0        
PF     1  31  23  22  21  23  22  22  21  22   0   0   0   0   0   0   0        
PF    -1  31  21  21  21  31  22  22  22   0   0   0   0   0   0   0   0        
PF    -3  31  22  21  23  31  22  13   0   0   0   0   0   0   0   0   0        
PF    -5  31  22  22  31  22  22   0   0   0   0   0   0   0   0   0   0        
PF    -7  31  31  31  31  32  23   0   0   0   0   0   0   0   0   0   0        
PF    -9  31  31  32  31  31  31  31   0   0   0   0   0   0   0   0   0        
PF   -11  31  32  32  31  31  31  31   0   0   0   0   0   0   0   0   0        
PF   -13  31  32  31  31  31  32  32   0   0  31  31   0   0   0   0   0        
PF   -15  31  32  31  31  31  31  32   0  32  32  31  31   0   0   0   0        
PF   -17  31  31  31  23  31  21  31  32  32  31  31  31   0   0   0   0        
PF   -19  31  31  31  31  31   0   0  32  31  32  31   0   0   0   0   0        
PF   -21  31  23  31  31  31   0   0  33  32  32  31   0   0   0   0   0        
PF   -23  31  23  31  31   0   0   0  33  32  31   0   0   0   0   0   0        
PF   -25  31  23  31  31   0   0   0  31  32  32   0   0   0   0   0   0        
PF   -27  31  32  31   0   0   0   0   0  32   0   0   0   0   0   0   0        
PF   -29  31  23  31   0   0   0   0   0   0   0   0   0   0   0   0   0        
PF   -31  31  23   0   0   0   0   0   0   0   0   0   0   0   0   0   0        
PF   -33  31   0   0   0   0   0   0   0   0   0   0   0   0   0   0   0        
PF   -35  31   0   0   0   0   0   0   0   0   0   0   0   0   0   0   0        
PF   -37  31   0   0   0   0   0   0   0   0   0   0   0   0   0   0   0        
PF   -39  31   0   0   0   0   0   0   0   0   0   0   0   0   0   0   0        
PF   -41  31   0   0   0   0   0   0   0   0   0   0   0   0   0   0   0        
PF   -43  31   0   0   0   0   0   0   0   0   0   0   0   0   0   0   0        
PF   -45  31   0   0   0   0   0   0   0   0   0   0   0   0   0   0   0        
PF   -47  31   0   0   0   0   0   0   0   0   0   0   0   0   0   0   0        
PF   -49  31   0   0   0   0   0   0   0   0   0   0   0   0   0   0   0        
PF   -51  31   0   0   0   0   0   0   0   0   0   0   0   0   0   0   0        
PF   -53  31   0   0   0   0   0   0   0   0   0   0   0   0   0   0   0        
PF   -55  31   0   0   0   0   0   0   0   0   0   0   0   0   0   0   0        
PF    83  61   0   0   0   0   0   0   0   0   0   0   0   0   0   0   0        
PF    81  61   0   0   0   0   0   0   0   0   0   0   0   0   0   0   0        
PF    79  61  11  11  11  11  11  11  11  11  11  11  11  11  11  12  12        
PF    77  61  11  11  11  11  11  11  11  11  11  11  11  11  11  12  12        
PF    75  61  11  11  11  11  11  12  11  11  11  11  11  11  11  12  12        
PF    73  61  11  11  11  11  11  11  11  11  11  11  11  11  11  11  11        
PF    71  61  11  11  11  11  11  11  11  11  11  11  11  11  11  11  11        
PF    69  61  11  11  11  11  11  11  11  11  11   0   0   0   0   0   0        
PF    67  61  11  13   0  11  11  11  11  11  11  11  13  11   0   0   0        
PF    65  61  21  12  11  11  11  11  12  11  11  11  22  11  11  11  12        
PF    63  61  11  11  12  12  12  12  12  11  11  11  12  11  11  12  12        
PF    61  61  12  12  12  12  11  12  12  11  11  11  12  12  11  12  22        
PF    59  61  12  12  12  12  12  12  12  11  22  11  12  12  12  12  12        
PF    57  61  13  12  12  11  13  11  12  13  12  12  12  12  13  21  21        
PF    55  61  12  12  13  13  21  13  13  12  21  23  22  21  21  13  21        
PF    53  61  11  13  12  12  13  13  21  22  23  21  11  11  22  22  22        
PF    51  61  21  21  23  23  21  23  31  23  23  22  12  21  22  22  22        
PF    49  61  31  31  23  23  31  23  32  32  31  23  22  22  22  22  22        
PF    47  61  33  33  31  31  32  32  32  31  32  32  23  23  23  23  32        
PF    45  61  33  33  32  32  32  32  31  33  41  32  23  23  33  41  41        
PF    43  61  33  33  33  33  32  31  31  31  31  23  23  23  23  23  32        
PF    41  61  32  33  23  33  31  31  31  31  31  23  33  41  33  33  31        
PF    39  61  33  33  33  31  23  23  22  23  32  41  41  42  33  33  33        
PF    37  61  33  33  33  32  32  31  23  22  23  31  21  32  31  23  22        
PF    35  61  32  32  31  31  11  31  31  23  23  22  21  22  22  22  22        
PF    33  61  31  31  32  31  23  23  23  23  22  22  23  22  22  22  22        
PF    31  61  31  33  41  32  23  23  31  31  31  23  23  22  22  22  22        
PF    29  61  32  33  33  32  23  31  33  32  32  23  22  23  22  23  23        
PF    27  61  32  31  32  32  32  33  33  32  32  31  31  31  31  31  21        
PF    25  61  32  31  32  23  33  41  32  23  31  31  31  31  23  31  21        
PF    23  61   0   0   0  23  11  23  22  13  13  21  22  22  21  21  21        
PF    21  61   0   0   0   0  11  23  21  12  12  13  22  22  21  21  21        
PF    19  61   0   0   0   0  11  23  21  12  12  13  22  22  21  21   0        
PF    17  61   0   0   0   0   0  23  22  12  11  11  21  21   0   0   0        
PF    15  61   0  21  21   0   0   0  22  22  13  12  21   0   0   0   0        
PF    13  61   0   0   0   0   0   0  22  22  22  13  22   0   0   0   0        
PF    11  61   0   0   0   0   0   0   0  22  22  22  22   0   0   0   0        
PF     9  61   0   0   0   0   0   0   0  22  22  22  22   0   0   0   0        
PF     7  61   0   0   0   0   0   0   0   0  22  22  22   0   0   0   0        
PF     5  61   0   0   0   0   0   0   0   0   0   0   0   0   0   0   0        
PF     3  61   0   0   0   0   0   0   0   0   0   0   0   0   0   0   0        
PF     1  61   0   0   0   0   0   0   0   0   0   0   0   0   0   0   0        
PF    -1  61   0   0   0   0   0   0   0   0   0   0   0   0   0   0   0        
PF    -3  61   0   0   0   0   0   0   0   0   0   0   0   0   0   0   0        
PF    -5  61   0   0   0   0   0   0   0   0   0   0   0   0   0   0   0        
PF    -7  61   0   0   0   0   0   0   0   0   0   0   0   0   0   0   0        
PF    -9  61   0   0   0   0   0   0   0   0   0   0   0   0   0   0   0        
PF   -11  61   0   0   0   0   0   0   0   0   0   0   0   0   0   0   0        
PF   -13  61   0   0   0   0   0   0   0   0   0   0   0   0   0   0   0        
PF   -15  61   0   0   0   0   0   0   0   0   0   0   0   0   0   0   0        
PF   -17  61   0   0   0   0   0   0   0   0   0   0   0   0   0   0   0        
PF   -19  61   0   0   0   0   0   0   0   0   0   0   0   0   0   0   0        
PF   -21  61   0   0   0   0   0   0   0   0   0   0   0   0   0   0   0        
PF   -23  61   0   0   0   0   0   0   0   0   0   0   0   0   0   0   0        
PF   -25  61   0   0   0   0   0   0   0   0   0   0   0   0   0   0   0        
PF   -27  61   0   0   0   0   0   0   0   0   0   0   0   0   0   0   0        
PF   -29  61   0   0   0   0   0   0   0   0   0   0   0   0   0   0   0        
PF   -31  61   0   0   0   0   0   0   0   0   0   0   0   0   0   0   0        
PF   -33  61   0   0   0   0   0   0   0   0   0   0   0   0   0   0   0        
PF   -35  61   0   0   0   0   0   0   0   0   0   0   0   0   0   0   0        
PF   -37  61   0   0   0   0   0   0   0   0   0   0   0   0   0   0   0        
PF   -39  61   0   0   0   0   0   0   0   0   0   0   0   0   0   0   0        
PF   -41  61   0   0   0   0   0   0   0   0   0   0   0   0   0   0   0        
PF   -43  61   0   0   0   0   0   0   0   0   0   0   0   0   0   0   0        
PF   -45  61   0   0   0   0   0   0   0   0   0   0   0   0   0   0   0        
PF   -47  61   0   0   0   0  23  23   0   0   0   0   0   0   0   0   0        
PF   -49  61   0   0   0   0  23  23   0   0   0   0   0   0   0   0   0        
PF   -51  61   0   0   0   0  23   0   0   0   0   0   0   0   0   0   0        
PF   -53  61   0   0   0   0   0   0  23   0   0   0   0   0   0   0   0        
PF   -55  61   0   0   0   0   0   0   0   0   0   0   0   0   0   0   0        
PF    83  91   0   0   0   0   0   0   0   0   0   0   0   0   0   0   0        
PF    81  91   0   0   0   0   0   0   0   0   0   0   0   0   0   0   0        
PF    79  91  22  22  11  13  13  13  13  13  13  13  13   0   0   0   0        
PF    77  91  13  13  11  13  12  12  13  13  13  13  13  13  11  11  11        
PF    75  91  13  13   0  13  13  13  13  13  13  13  13  13  11  11  11        
PF    73  91  11  11  11  11  11  11  11  12  11  11  11  11  11  11  12        
PF    71  91  12  12  12  12  12  12  13   0   0  13  13  13  12  11  13        
PF    69  91   0   0   0   0  22  21  11  11  11  11  13  13  13  21  11        
PF    67  91   0   0   0  22  22  21  22  21  21  13  13  21  21  11  13        
PF    65  91  21  13  13  12  21  21  22  22  22  22  12  13  12  12  13        
PF    63  91  21  13  22  12  12  12  12  11  12  12  12  12  12  21  22        
PF    61  91  13  13  21  12  12  12  12  12  12  12  12  12  12  12  21        
PF    59  91  13  21  21  13  12  12  12  13  22  13  13  21  22  21  21        
PF    57  91  11  22  21  12  12  22  13  22  21  22  22  22  22  22  22        
PF    55  91  11  21  21  13  13  22  13  21  12  22  22  22  22  22  22        
PF    53  91  13  21  21  13  22  22  21  13  32  21  22  22  22  22  22        
PF    51  91  22  23  23  13  22  22  21  12  32  22  22  23  13  23  23        
PF    49  91  32  31  23  21  23  23  32  31  32  31  31  32  33  33  31        
PF    47  91  32  23  32  32  23  32  32  31  23  32  32  32  33  33  32        
PF    45  91  32  23  32  32  32  33  33  33  33  33  33  32  32  32  32        
PF    43  91  32  23  32  32  33  33  33  33  33  33  33  32  33  32  32        
PF    41  91  32  23  33  32  32  32  32  33  33  33  33  33  32  32  32        
PF    39  91  32  23  32  12  13  32  33  33  33  33  33  33  32  33  32        
PF    37  91  22  31  31  12  13  23  23  32  32  33  33  33  32  32  32        
PF    35  91  22  23  23  12  13  22  23  31  23  32  32  33  33  32  32        
PF    33  91  22  23  23  23  31  22  22  22  21  22  22  13  11  11  11        
PF    31  91  22  23  23  23  23  22  22  21  13  21  21  13  13  13  12        
PF    29  91  23  23  21  21  31  22  21  21  21  21  21  21  21  13  13        
PF    27  91  21  13  13  13  22  21  21  21  21  21  21  21  13  13  21        
PF    25  91  21  21  21  21  21  21  13  21  13  13  21  21  13  13  21        
PF    23  91  21  21  22  13  13  13  13  13  13  13  13  13  13  13  21        
PF    21  91  21  21  22  13  13  13  13  13  13  13  13  13  13  13   0        
PF    19  91   0  21  21  13  13  13  33  13  13  13  13  13   0   0   0        
PF    17  91   0  21  21  13  21  21  22  22  13  13  13   0   0   0  22        
PF    15  91  21   0  21  13  13  21  22  22  22  13   0   0   0   0  22        
PF    13  91   0  21   0  13  13  21  22  21  22  13   0   0   0   0  22        
PF    11  91   0  21   0  13  21  21  22  12  13  31   0   0   0  13  22        
PF     9  91   0  21   0  13  22  22  22  12  13  13   0   0   0  13  22        
PF     7  91   0  21   0  13  23  22  22  31  13  13   0   0  13  13  22        
PF     5  91   0   0  21  13  22  21  13  31  13  13  21  13  13  13  22        
PF     3  91   0   0  21  13  22  13  13  31  13  13  13  13  13  13  22        
PF     1  91   0   0   0  13  22  12  11  13  13  13  13  33  13  21  22        
PF    -1  91   0   0   0   0  22  12  21  13  13  13  21  13  13  21  13        
PF    -3  91   0   0   0   0  22  12  21  12  13  13  21  22  12  21  13        
PF    -5  91   0   0   0   0   0  12  13  13  13  13  21  22  13  21  13        
PF    -7  91   0   0   0   0   0   0   0  13  13  13  22  22  13  21  13        
PF    -9  91   0   0   0   0   0   0   0   0   0   0  22  22  13  21  13        
PF   -11  91   0   0   0   0   0   0   0  13   0   0   0   0   0   0   0        
PF   -13  91   0   0   0   0   0   0   0   0   0   0   0   0   0   0   0        
PF   -15  91   0   0   0   0   0   0   0   0   0   0   0   0   0   0   0        
PF   -17  91   0   0   0   0   0   0   0   0   0   0   0   0   0   0   0        
PF   -19  91   0   0   0   0   0   0   0   0   0   0   0   0  33  33  33        
PF   -21  91   0   0   0   0   0   0   0   0   0   0   0  33  33  33  32        
PF   -23  91   0   0   0   0   0   0   0   0   0   0   0  33  33  32  32        
PF   -25  91   0   0   0   0   0   0   0   0   0   0   0  33  33  33  31        
PF   -27  91   0   0   0   0   0   0   0   0   0   0   0  33  32  32  31        
PF   -29  91   0   0   0   0   0   0   0   0   0   0   0  33  33  22  31        
PF   -31  91   0   0   0   0   0   0   0   0   0   0   0   0  32  32  31        
PF   -33  91   0   0   0   0   0   0   0   0   0   0   0   0  32  32  23        
PF   -35  91   0   0   0   0   0   0   0   0   0   0   0   0  32  32  33        
PF   -37  91   0   0   0   0   0   0   0   0   0   0   0   0   0   0   0        
PF   -39  91   0   0   0   0   0   0   0   0   0   0   0   0   0   0   0        
PF   -41  91   0   0   0   0   0   0   0   0   0   0   0   0   0   0   0        
PF   -43  91   0   0   0   0   0   0   0   0   0   0   0   0   0   0   0        
PF   -45  91   0   0   0   0   0   0   0   0   0   0   0   0   0   0   0        
PF   -47  91   0   0   0   0   0   0   0   0   0   0   0   0   0   0   0        
PF   -49  91   0   0   0   0   0   0   0   0   0   0   0   0   0   0   0        
PF   -51  91   0   0   0   0   0   0   0   0   0   0   0   0   0   0   0        
PF   -53  91   0   0   0   0   0   0   0   0   0   0   0   0   0   0   0        
PF   -55  91   0   0   0   0   0   0   0   0   0   0   0   0   0   0   0        
PF    83 121   0   0   0   0   0   0   0   0   0   0   0   0   0   0   0        
PF    81 121   0   0   0   0   0   0   0   0   0   0   0   0   0   0   0        
PF    79 121   0   0   0   0  11   0  13  13  13  12  12  13  11  11  11        
PF    77 121  11  12  11  11  11  21  13  13  13  12  12  13  11  11  11        
PF    75 121  12  12  11  11  11  21  13  13  13  12  12  13  11  11  11        
PF    73 121  12  12  11  11  11  21  13  13  13  11  11  11  11  11  11        
PF    71 121  21  13  12  22  11  21  13  12  11  11  11  11  11  11  11        
PF    69 121  12  12  11  22  22  22  13  13  21  13  13  12  13  12  12        
PF    67 121  13  11  11  22  22  22  12  12  13  21  21  21  21  21  13        
PF    65 121  21  13  12  22  21  22  22  23  22  22  22  22  22  22  21        
PF    63 121  12  21  13  21  21  13  13  21  21  22  22  22  22  22  22        
PF    61 121  21  12  12  21  22  21  21  13  21  22  22  22  22  22  22        
PF    59 121  22  21  13  13  12  12  21  13  22  21  21  13  22  21  21        
PF    57 121  22  22  22  22  22  22  22  22  22  12  13  13  22  21  21        
PF    55 121  22  22  22  21  22  22  21  21  22  12  13  13   0   0   0        
PF    53 121  22  22  21  12  12  13  22  21  21  12  12  12  13   0   0        
PF    51 121  22  22  21  21  13  22  22  21  13  12  12  13  13   0   0        
PF    49 121  23  23  22  22  13  22  21  12  22  12  12  22  13   0   0        
PF    47 121  31  31  31  22  21  23  12  22  22  22  22  22  13   0   0        
PF    45 121  32  32  31  23  21  21  21  22  22   0  22  21  13  13  13        
PF    43 121  32  31  31  22  22  22  22  22   0  22  22  13  13  13   0        
PF    41 121  32  23  31  22  22   0   0   0   0  22  22  22   0   0   0        
PF    39 121  33  32  31  22  22   0   0   0   0  22  22  22   0   0   0        
PF    37 121  32  32  21  22  22   0  13  13  21  22  21   0   0   0   0        
PF    35 121  32  33  21  21  22  22  13  13  13  22  21   0   0   0   0        
PF    33 121  12  21  13  13  22  22  22  22  22   0   0   0   0   0   0        
PF    31 121  13  21  13  13  22  22   0   0   0   0   0   0   0   0   0        
PF    29 121  21  21  13  13  22   0   0   0   0   0   0   0   0   0   0        
PF    27 121  21  21  13  13  22   0   0   0   0   0   0   0   0   0   0        
PF    25 121  13  21  13   0   0   0   0   0   0   0   0   0   0   0   0        
PF    23 121  13   0   0   0   0   0   0   0   0   0   0   0   0   0   0        
PF    21 121  13   0   0   0   0   0   0   0   0   0   0   0   0   0   0        
PF    19 121  13  13   0   0   0   0   0   0   0   0   0   0   0   0   0        
PF    17 121  13  13   0   0   0   0   0   0   0   0   0   0   0   0   0        
PF    15 121  13  13  13   0   0   0   0   0   0   0   0   0   0   0   0        
PF    13 121  13  13  13   0   0   0   0   0   0   0   0   0   0   0   0        
PF    11 121  13  13  13   0   0   0   0   0   0   0   0   0   0   0   0        
PF     9 121   0  13  13  13   0   0   0   0   0   0   0   0   0   0   0        
PF     7 121  13  13  13  13   0   0   0   0   0   0   0   0   0   0   0        
PF     5 121  13   0  13  33   0   0   0   0   0   0   0   0   0   0   0        
PF     3 121   0   0  13  13  22   0   0   0   0   0   0   0   0   0   0        
PF     1 121  13  13  13  13  22  22   0   0   0   0   0   0   0   0   0        
PF    -1 121  13  13  13  13  22  22  22  22  22  22   0   0   0  22  22        
PF    -3 121  13  13   0  13  22  22  22  22  22  22  22  22  22  22   0        
PF    -5 121  13  13   0   0   0  22  22  22  22  22  22  22  22  22  22        
PF    -7 121  13   0  13  13  22  22  22  22  22  22  22  22  22  22  22        
PF    -9 121  13  13  13  13  22  22  22  22  22  22  22  22  22  22  22        
PF   -11 121  13  13  13  13  22  22  22  22  22  22  22  22   0  22  22        
PF   -13 121   0  33  33  23  31  21  21  21  21  33  33  22  32   0   0        
PF   -15 121  33  33  23  22  23  21  21  21  21  33  33  21  23   0   0        
PF   -17 121  33  31  32  23  22  21  21  21  21  23  23  22  21  22   0        
PF   -19 121  33  31  32  23  23  23  22  22  21  31  22  22  21  22  22        
PF   -21 121  32  32  32  32  32  32  22  22  21  31  22  22  21  22  23        
PF   -23 121  31  33  32  32  32  32  32  32  23  31  22  23  22  22  23        
PF   -25 121  23  23  32  32  32  32  32  33  41  32  22  23  23  22  22        
PF   -27 121  22  23  32  32  32  32  31  33  41  32  31  23  23  22  22        
PF   -29 121  22  22  22  31  31  23  31  33  41  33  31  32  23  22  22        
PF   -31 121  21  22  22  31  23  22  23  33  33  32  32  32  23  22  22        
PF   -33 121  21  22  22  32  33  32  23  33  33  32  32  32  23  22  22        
PF   -35 121  31  33  32   0   0   0  32  33  33  32  32  33  23  22  22        
PF   -37 121  33  33   0   0   0   0   0   0  32  33  33  33  23  23  23        
PF   -39 121   0   0   0   0   0   0   0   0   0   0  33  32  31  31  23        
PF   -41 121   0   0   0   0   0   0   0   0   0   0   0  23  31  31  22        
PF   -43 121   0   0   0   0   0   0   0   0   0   0   0   0  32  22  22        
PF   -45 121   0   0   0   0   0   0   0   0   0   0   0   0   0  23   0        
PF   -47 121   0   0   0   0   0   0   0   0   0   0   0   0   0   0   0        
PF   -49 121   0   0   0   0   0   0   0   0   0   0   0   0   0   0   0        
PF   -51 121   0   0   0   0   0   0   0   0   0   0   0   0   0   0   0        
PF   -53 121   0   0   0   0   0   0   0   0   0   0   0   0   0   0   0        
PF   -55 121   0   0   0   0   0   0   0   0   0   0   0   0   0   0   0        
PF    83 151   0   0   0   0   0   0   0   0   0   0   0   0   0   0   0        
PF    81 151   0   0   0   0   0   0   0   0   0   0   0   0   0   0   0        
PF    79 151  11  12  12  11  11   0   0   0   0   0   0   0   0   0   0        
PF    77 151  11  12  12  11  11  11  12  13  13  12   0   0   0   0   0        
PF    75 151  11  12  12  11  11  11  12  13  13  12  12  13  13  13  13        
PF    73 151  11  11  11  11  11  11  12  13  13  12  12  13  13  13  13        
PF    71 151  11  11  11  11  11  11  12  13  21  12  12  21  22  21  21        
PF    69 151  11  12  11  21  11  11  21  22  21  12  12  22  22  21  22        
PF    67 151  12  13  21  22  22  21  13  21  21  22  22  13  22  21  21        
PF    65 151  13  21  22  22  22  22  22  22  22  21  12  11  11  12  21        
PF    63 151  22  22  22  22  22  13  12  21  13  13  22  22  21  21  21        
PF    61 151  22  22  22  22  21  22  12  21  22  22  22  31  21   0   0        
PF    59 151  21  21  22  12  11  21  12  12  22  22  22   0   0   0   0        
PF    57 151  21  21  11  12  12  12  11   0   0   0   0   0   0   0   0        
PF    55 151   0   0  11  13  12  13  11  12  12   0   0   0   0   0   0        
PF    53 151   0   0  21  21  12  13   0   0   0   0   0  12   0   0   0        
PF    51 151   0   0  22  12  12   0   0   0   0   0   0   0   0   0   0        
PF    49 151   0  13  13  12   0   0   0   0   0   0   0   0   0   0   0        
PF    47 151  13  13   0   0   0   0   0   0   0   0   0   0   0   0   0        
PF    45 151  13   0   0   0   0   0   0   0   0   0   0   0   0   0   0        
PF    43 151   0   0   0   0   0   0   0   0   0   0   0   0   0   0   0        
PF    41 151   0   0   0   0   0   0   0   0   0   0   0   0   0   0   0        
PF    39 151   0   0   0   0   0   0   0   0   0   0   0   0   0   0   0        
PF    37 151   0   0   0   0   0   0   0   0   0   0   0   0   0   0   0        
PF    35 151   0   0   0   0   0   0   0   0   0   0   0   0   0   0   0        
PF    33 151   0   0   0   0   0   0   0   0   0   0   0   0   0   0   0        
PF    31 151   0   0   0   0   0   0   0   0   0   0   0   0   0   0   0        
PF    29 151   0   0   0   0   0   0   0   0   0   0   0   0   0   0   0        
PF    27 151   0   0   0   0   0   0   0   0   0   0   0   0   0   0   0        
PF    25 151   0   0   0   0   0   0   0   0   0   0   0   0   0   0   0        
PF    23 151   0   0   0   0   0   0   0   0   0   0   0   0   0   0   0        
PF    21 151   0   0   0   0   0   0   0   0   0   0   0   0   0   0   0        
PF    19 151   0   0   0   0   0   0   0   0   0   0   0   0   0   0   0        
PF    17 151   0   0   0   0   0   0   0   0   0   0   0   0   0   0   0        
PF    15 151   0   0   0   0   0   0   0   0   0   0   0   0   0   0   0        
PF    13 151   0   0   0   0   0   0   0   0   0   0   0   0   0   0   0        
PF    11 151   0   0   0   0   0   0   0   0   0   0   0   0   0   0   0        
PF     9 151   0   0   0   0   0   0   0   0   0   0   0   0   0   0   0        
PF     7 151   0   0   0   0   0   0   0   0   0   0   0   0   0   0   0        
PF     5 151   0   0   0   0   0   0   0   0   0   0   0   0   0   0   0        
PF     3 151   0   0   0   0   0   0   0   0   0   0   0   0   0   0   0        
PF     1 151   0   0   0   0   0   0   0   0   0   0   0   0   0   0   0        
PF    -1 151   0   0   0   0   0   0   0   0   0   0   0   0   0   0   0        
PF    -3 151  22  22   0   0   0   0   0   0   0   0   0   0   0   0   0        
PF    -5 151  22  22  22   0   0   0   0   0   0   0   0   0   0   0   0        
PF    -7 151  22   0  22  22  22   0   0   0   0   0   0   0   0   0   0        
PF    -9 151  22  22   0  22  22  32   0   0   0   0   0   0   0   0   0        
PF   -11 151  22  22   0   0   0  32  32  32   0   0   0   0   0   0   0        
PF   -13 151   0   0   0   0   0   0   0   0   0   0   0   0   0   0   0        
PF   -15 151   0   0   0   0   0   0   0   0  21  21   0   0   0   0   0        
PF   -17 151   0   0   0   0   0   0   0   0  21  21   0   0   0  22  22        
PF   -19 151  22   0   0   0   0   0  21  21   0  21   0   0   0  22  22        
PF   -21 151  22  23  23   0   0   0  21  21  21  21   0   0   0   0   0        
PF   -23 151  22  23  23   0   0   0   0   0  21   0   0   0   0   0   0        
PF   -25 151  22  23   0   0   0   0   0   0   0   0   0   0   0   0   0        
PF   -27 151  22  23   0   0   0   0   0   0   0   0   0   0   0   0   0        
PF   -29 151  22  23   0   0   0   0   0   0   0   0   0   0   0   0   0        
PF   -31 151  23  23   0   0  23   0   0   0   0   0   0   0   0   0   0        
PF   -33 151  23  23   0   0   0   0   0   0   0   0   0   0   0   0   0        
PF   -35 151  23   0   0   0   0   0   0   0   0   0   0  13  13   0   0        
PF   -37 151  22   0   0   0   0   0   0   0   0   0   0  13  13  13  13        
PF   -39 151  23   0   0   0   0   0   0   0   0   0   0  13  23  13  13        
PF   -41 151   0   0   0   0   0   0   0   0   0   0  22  32  23  13   0        
PF   -43 151   0   0   0   0   0   0   0   0   0  22  22  32   0   0   0        
PF   -45 151   0   0   0   0   0   0   0   0  22  21  21  13   0   0   0        
PF   -47 151   0   0   0   0   0   0   0   0  22  21  21   0   0   0   0        
PF   -49 151   0   0   0   0   0   0   0   0  22   0   0   0   0   0   0        
PF   -51 151   0   0   0   0   0   0   0   0  22   0   0   0   0   0   0        
PF   -53 151   0   0   0   0   0   0   0   0   0   0   0   0   0   0   0        
PF   -55 151   0   0   0   0  23   0   0   0   0   0   0   0   0   0   0        
PF    83-179   0   0   0   0   0   0   0   0   0   0   0   0   0   0   0        
PF    81-179   0   0   0   0   0   0   0   0   0   0   0   0   0   0   0        
PF    79-179   0   0   0   0   0   0   0   0   0   0   0   0   0   0   0        
PF    77-179   0   0   0   0   0   0   0   0   0   0   0   0   0   0   0        
PF    75-179   0   0   0   0   0   0   0   0   0   0   0   0   0   0   0        
PF    73-179  23  23   0   0   0   0   0   0   0  22  22  22  22  22  22        
PF    71-179  23  23  23  23  23  23  23  23  23  22  22  22  22  22  22        
PF    69-179  23  23  23  23  23  23  23  23  23  23  22  22  22  22  22        
PF    67-179  23  23  23  23  23  23  23  23  23  23  22  22  22  22  22        
PF    65-179  23  23  23  23  23  23  23  23  23  23  22  22  22  22  22        
PF    63-179  23  23  23  23  23  23  23  23  23  23  22  22  22  22  22        
PF    61-179  23  23  23  23  23  23  23  23  23  23  22  22  22  22   0        
PF    59-179   0  23  23  23  23  23  23  23  23  23  22  22   0   0   0        
PF    57-179   0   0   0  23  23  23  23  23  23  23  22  22   0   0  22        
PF    55-179   0   0   0   0   0  23  23  23  23  22  22  22  22   0   0        
PF    53-179   0   0  23  23  23  23  23  23  23   0   0   0   0   0   0        
PF    51-179  23  23  23   0   0   0   0   0   0   0   0   0   0   0   0        
PF    49-179   0   0   0   0   0   0   0   0   0   0   0   0   0   0   0        
PF    47-179   0   0   0   0   0   0   0   0   0   0   0   0   0   0   0        
PF    45-179   0   0   0   0   0   0   0   0   0   0   0   0   0   0   0        
PF    43-179   0   0   0   0   0   0   0   0   0   0   0   0   0   0   0        
PF    41-179   0   0   0   0   0   0   0   0   0   0   0   0   0   0   0        
PF    39-179   0   0   0   0   0   0   0   0   0   0   0   0   0   0   0        
PF    37-179   0   0   0   0   0   0   0   0   0   0   0   0   0   0   0        
PF    35-179   0   0   0   0   0   0   0   0   0   0   0   0   0   0   0        
PF    33-179   0   0   0   0   0   0   0   0   0   0   0   0   0   0   0        
PF    31-179   0   0   0   0   0   0   0   0   0   0   0   0   0   0   0        
PF    29-179   0   0   0   0   0   0   0   0   0   0   0   0   0   0   0        
PF    27-179   0   0   0   0   0   0   0   0   0   0   0   0   0   0   0        
PF    25-179   0   0   0   0   0   0   0   0   0   0   0   0   0   0   0        
PF    23-179   0   0   0   0   0   0   0   0   0   0  22   0   0   0   0        
PF    21-179   0   0   0   0   0   0   0   0   0   0  22  22  22   0   0        
PF    19-179   0   0   0   0   0   0   0   0   0   0   0   0  22   0   0        
PF    17-179   0   0   0   0   0   0   0   0   0   0   0   0   0   0   0        
PF    15-179   0   0   0   0   0   0   0   0   0   0   0   0   0   0   0        
PF    13-179   0   0   0   0   0   0   0   0   0   0   0   0   0   0   0        
PF    11-179   0   0   0   0   0   0   0   0   0   0   0   0   0   0   0        
PF     9-179   0   0   0   0   0   0   0   0   0   0   0   0   0   0   0        
PF     7-179   0   0   0   0   0   0   0   0   0   0   0   0   0   0   0        
PF     5-179   0   0   0   0   0   0   0   0   0   0   0   0   0   0   0        
PF     3-179   0   0   0   0   0   0   0   0   0   0   0   0   0   0   0        
PF     1-179   0   0   0   0   0   0   0   0   0   0   0   0   0   0   0        
PF    -1-179   0   0   0   0   0   0   0   0   0   0   0   0   0   0   0        
PF    -3-179   0   0   0   0   0   0   0   0   0   0   0   0   0   0   0        
PF    -5-179   0   0   0   0   0   0   0   0   0   0   0   0   0   0   0        
PF    -7-179   0   0   0   0   0   0   0   0   0   0   0   0   0   0   0        
PF    -9-179   0   0   0   0   0   0   0   0   0   0   0   0   0   0   0        
PF   -11-179   0   0   0   0   0   0   0   0   0   0   0   0   0   0   0        
PF   -13-179   0   0   0  22  22   0   0   0  22   0   0   0   0   0   0        
PF   -15-179   0   0   0   0  22   0   0   0  22   0   0   0   0   0   0        
PF   -17-179  22   0   0   0   0   0   0   0   0   0   0   0   0   0   0        
PF   -19-179   0   0   0   0   0  22   0   0   0  22   0   0   0   0   0        
PF   -21-179   0   0   0   0   0   0   0   0   0   0   0   0   0   0   0        
PF   -23-179   0   0   0   0   0   0   0   0   0   0   0   0   0   0   0        
PF   -25-179   0   0   0   0   0   0   0   0   0   0   0   0   0   0   0        
PF   -27-179   0   0   0   0   0   0   0   0   0   0   0   0   0   0   0        
PF   -29-179   0   0   0   0   0   0   0   0   0   0   0   0   0   0   0        
PF   -31-179   0   0   0   0   0   0   0   0   0   0   0   0   0   0   0        
PF   -33-179   0   0   0   0   0   0   0   0   0   0   0   0   0   0   0        
PF   -35-179   0   0   0   0   0   0   0   0   0   0   0   0   0   0   0        
PF   -37-179   0   0   0   0   0   0   0   0   0   0   0   0   0   0   0        
PF   -39-179   0   0   0   0   0   0   0   0   0   0   0   0   0   0   0        
PF   -41-179   0   0   0   0   0   0   0   0   0   0   0   0   0   0   0        
PF   -43-179   0  22   0   0   0   0   0   0   0   0   0   0   0   0   0        
PF   -45-179   0  22   0   0   0   0   0   0   0   0   0   0   0   0   0        
PF   -47-179   0   0   0   0   0   0   0   0   0   0   0   0   0   0   0        
PF   -49-179   0   0   0   0   0   0   0   0   0   0   0   0   0   0   0        
PF   -51-179   0   0   0   0   0   0   0   0   0   0   0   0   0   0   0        
PF   -53-179   0   0   0   0   0   0   0   0   0   0   0   0   0   0   0        
PF   -55-179   0   0   0   0   0   0   0   0   0   0   0   0   0   0   0        
PF    83-149   0   0   0   0   0   0   0   0   0   0   0   0   0   0   0        
PF    81-149   0   0   0   0   0   0   0   0   0   0   0   0   0   0   0        
PF    79-149   0   0   0   0   0   0   0   0   0   0   0  22  22  22  22        
PF    77-149   0   0   0   0   0   0   0   0   0   0   0  22  22  22  22        
PF    75-149   0   0   0   0   0   0   0   0   0   0  22  22  22  22  22        
PF    73-149  22  22  22   0   0   0   0   0   0   0  22  22  22  22  22        
PF    71-149  22  22  22   0   0   0   0   0   0  22  22   0  22  22  22        
PF    69-149  22  22  22  22  22  22  22  22  22  22  22   0   0   0   0        
PF    67-149  22  22  22  22  22  22  22  22  22   0   0   0   0   0   0        
PF    65-149  22  22  22  22  22  22  22  22  22  22  22  22   0   0   0        
PF    63-149  22  22  22  22  22  22  22  22  22   0  22  22  22   0   0        
PF    61-149   0   0  22   0  22  22  22   0   0   0   0   0   0   0   0        
PF    59-149  22  22  22  22  22  22   0   0   0   0   0   0   0   0   0        
PF    57-149   0   0   0   0   0   0  22  22   0   0   0   0   0   0   0        
PF    55-149   0   0   0   0   0   0   0  22  22   0   0   0   0   0   0        
PF    53-149   0   0   0   0   0   0   0   0  22  22   0   0   0   0   0        
PF    51-149   0   0   0   0   0   0   0   0   0  22  22  22   0   0   0        
PF    49-149   0   0   0   0   0   0   0   0   0   0   0  22  22  22  22        
PF    47-149   0   0   0   0   0   0   0   0   0   0   0   0  22  22  22        
PF    45-149   0   0   0   0   0   0   0   0   0   0   0   0  22  22  22        
PF    43-149   0   0   0   0   0   0   0   0   0   0   0   0  22  21  23        
PF    41-149   0   0   0   0   0   0   0   0   0   0   0   0  22  21  23        
PF    39-149   0   0   0   0   0   0   0   0   0   0   0   0   0  22  23        
PF    37-149   0   0   0   0   0   0   0   0   0   0   0   0   0  22  23        
PF    35-149   0   0   0   0   0   0   0   0   0   0   0   0   0   0  31        
PF    33-149   0   0   0   0   0   0   0   0   0   0   0   0   0   0   0        
PF    31-149   0   0   0   0   0   0   0   0   0   0   0   0   0   0   0        
PF    29-149   0   0   0   0   0   0   0   0   0   0   0   0   0   0   0        
PF    27-149   0   0   0   0   0   0   0   0   0   0   0   0   0   0   0        
PF    25-149   0   0   0   0   0   0   0   0   0   0   0   0   0   0   0        
PF    23-149   0   0   0   0   0   0   0   0   0   0   0   0   0   0   0        
PF    21-149   0   0   0   0   0   0   0   0   0   0   0   0   0   0   0        
PF    19-149   0   0   0   0   0   0   0   0   0   0   0   0   0   0   0        
PF    17-149   0   0   0   0   0   0   0   0   0   0   0   0   0   0   0        
PF    15-149   0   0   0   0   0   0   0   0   0   0   0   0   0   0   0        
PF    13-149   0   0   0   0   0   0   0   0   0   0   0   0   0   0   0        
PF    11-149   0   0   0   0   0   0   0   0   0   0   0   0   0   0   0        
PF     9-149   0   0   0   0   0   0   0   0   0   0   0   0   0   0   0        
PF     7-149   0   0   0   0   0   0   0   0   0   0   0   0   0   0   0        
PF     5-149   0   0   0   0   0   0   0   0   0   0   0   0   0   0   0        
PF     3-149   0   0   0   0   0   0   0   0   0   0   0   0   0   0   0        
PF     1-149   0   0   0   0   0   0   0   0   0   0   0   0   0   0   0        
PF    -1-149   0   0   0   0   0   0   0   0   0   0   0   0   0   0   0        
PF    -3-149   0   0   0   0   0   0   0   0   0   0   0   0   0   0   0        
PF    -5-149   0   0   0   0   0   0   0   0   0   0   0   0   0   0   0        
PF    -7-149   0   0   0   0   0   0   0   0   0   0   0   0   0   0   0        
PF    -9-149   0   0   0   0   0   0   0   0   0   0   0   0   0   0   0        
PF   -11-149   0   0   0   0   0   0   0   0   0   0   0   0   0   0   0        
PF   -13-149   0   0   0   0   0   0   0   0   0   0   0   0   0   0   0        
PF   -15-149   0   0   0  22   0   0   0   0   0   0   0   0   0   0   0        
PF   -17-149   0   0   0  22  22   0   0   0   0   0   0   0   0   0   0        
PF   -19-149   0   0   0   0  22  22  22   0   0   0   0   0   0   0   0        
PF   -21-149   0   0   0   0   0  22  22   0   0   0   0   0   0   0   0        
PF   -23-149   0   0   0   0   0   0   0  22   0   0   0   0   0   0   0        
PF   -25-149   0   0   0   0   0   0   0   0   0   0   0   0   0   0   0        
PF   -27-149   0   0   0   0   0   0   0   0   0   0   0   0   0   0   0        
PF   -29-149   0   0   0   0   0   0   0   0   0   0   0   0   0   0   0        
PF   -31-149   0   0   0   0   0   0   0   0   0   0   0   0   0   0   0        
PF   -33-149   0   0   0   0   0   0   0   0   0   0   0   0   0   0   0        
PF   -35-149   0   0   0   0   0   0   0   0   0   0   0   0   0   0   0        
PF   -37-149   0   0   0   0   0   0   0   0   0   0   0   0   0   0   0        
PF   -39-149   0   0   0   0   0   0   0   0   0   0   0   0   0   0   0        
PF   -41-149   0   0   0   0   0   0   0   0   0   0   0   0   0   0   0        
PF   -43-149   0   0   0   0   0   0   0   0   0   0   0   0   0   0   0        
PF   -45-149   0   0   0   0   0   0   0   0   0   0   0   0   0   0   0        
PF   -47-149   0   0   0   0   0   0   0   0   0   0   0   0   0   0   0        
PF   -49-149   0   0   0   0   0   0   0   0   0   0   0   0   0   0   0        
PF   -51-149   0   0   0   0   0   0   0   0   0   0   0   0   0   0   0        
PF   -53-149   0   0   0   0   0   0   0   0   0   0   0   0   0   0   0        
PF   -55-149   0   0   0   0   0   0   0   0   0   0   0   0   0   0   0        
PF    83-119   0   0   0   0   0   0   0   0   0   0   0   0   0   0   0        
PF    81-119   0   0   0   0   0   0   0   0   0   0   0   0   0   0   0        
PF    79-119  22  22  22  22  22  22  22   0   0   0   0   0   0   0   0        
PF    77-119   0   0   0   0   0   0   0   0   0   0   0   0   0   0   0        
PF    75-119  22   0   0   0   0   0   0   0   0   0   0   0   0   0   0        
PF    73-119  22  22   0   0   0   0   0   0   0   0   0   0   0   0   0        
PF    71-119   0   0   0   0   0   0   0   0   0   0   0   0   0   0   0        
PF    69-119   0   0   0   0   0   0   0   0   0   0   0   0   0   0   0        
PF    67-119   0   0   0   0   0   0   0   0   0   0   0   0   0   0   0        
PF    65-119   0   0   0   0   0   0   0   0   0   0   0   0   0   0   0        
PF    63-119   0   0   0   0   0   0   0   0   0   0   0   0   0   0   0        
PF    61-119   0   0   0   0   0   0   0   0   0   0   0   0   0   0   0        
PF    59-119   0   0   0   0   0   0   0   0   0   0   0   0   0   0   0        
PF    57-119   0   0   0   0   0   0   0   0   0   0   0   0   0   0   0        
PF    55-119   0   0   0   0   0   0   0   0   0   0   0   0   0   0   0        
PF    53-119   0   0   0   0   0   0   0   0   0   0   0   0   0   0   0        
PF    51-119   0   0   0   0   0   0   0   0   0   0   0   0   0   0   0        
PF    49-119   0   0   0  22   0  22   0   0   0   0   0   0   0   0   0        
PF    47-119  32  31  23  23  23  23  32  23  22   0   0   0   0   0   0        
PF    45-119  23  23  23  23  23  23  23  23  22  23   0   0   0  32  31        
PF    43-119  23  23  31  23  21  23  32  23  31  31  31  32  32  32  32        
PF    41-119  23  23  31  32  22  32  32  23  32  32  32  32  32  32  32        
PF    39-119  23  23  32  32  22  31  22  23  32  32  32  32  32  31  32        
PF    37-119  23  23  32  31  31  31  23  23  32  32  31  31  31  21  22        
PF    35-119  32  23  32  31  31  31  23  23  23  23  31  31  21  21  32        
PF    33-119  32  31  31  32  32  31  33  32  23  23  31  22  21  23  32        
PF    31-119   0  31  31  32  33  33  33  32  32  23  23  22  21  23  32        
PF    29-119   0   0  31  32  33  33  33  32  32  32  23  22  23  13  21        
PF    27-119   0   0  31  32  33  33  33  32  32  32  22  22  22  13   0        
PF    25-119   0   0   0  32  33  33  32  31  32  32  31  22   0   0   0        
PF    23-119   0   0   0   0  33  33  33  31  32  32  23  22   0  22  22        
PF    21-119   0   0   0   0   0   0  32  31  31  32  31  23   0  22  22        
PF    19-119   0   0   0   0   0   0   0  22  31  32  23  31  22  22  22        
PF    17-119   0   0   0   0   0   0   0   0  22  31  23  23  22  13  13        
PF    15-119   0   0   0   0   0   0   0   0   0  23   0  23  22  13  13        
PF    13-119   0   0   0   0   0   0   0   0   0   0   0   0   0  13   0        
PF    11-119   0   0   0   0   0   0   0   0   0   0   0   0   0   0   0        
PF     9-119   0   0   0   0   0   0   0   0   0   0   0   0   0   0   0        
PF     7-119   0   0   0   0   0   0   0   0   0   0   0   0   0   0   0        
PF     5-119   0   0   0   0   0   0   0   0   0   0   0   0   0   0   0        
PF     3-119   0   0   0   0   0   0   0   0   0   0   0   0   0   0   0        
PF     1-119   0   0   0   0   0   0   0   0   0   0   0   0   0   0   0        
PF    -1-119   0   0   0   0   0   0   0   0   0   0   0   0   0   0   0        
PF    -3-119   0   0   0   0   0   0   0   0   0   0   0   0   0   0   0        
PF    -5-119   0   0   0   0   0   0   0   0   0   0   0   0   0   0   0        
PF    -7-119   0   0   0   0   0   0   0   0   0   0   0   0   0   0   0        
PF    -9-119   0   0   0   0   0   0   0   0   0   0   0   0   0   0   0        
PF   -11-119   0   0   0   0   0   0   0   0   0   0   0   0   0   0   0        
PF   -13-119   0   0   0   0   0   0   0   0   0   0   0   0   0   0   0        
PF   -15-119   0   0   0   0   0   0   0   0   0   0   0   0   0   0   0        
PF   -17-119   0   0   0   0   0   0   0   0   0   0   0   0   0   0   0        
PF   -19-119   0   0   0   0   0   0   0   0   0   0   0   0   0   0   0        
PF   -21-119   0   0   0   0   0   0   0   0   0   0   0   0   0   0   0        
PF   -23-119   0   0   0   0   0   0   0   0   0   0   0   0   0   0   0        
PF   -25-119   0   0   0   0   0   0   0   0   0   0   0   0   0   0   0        
PF   -27-119   0   0   0   0   0   0   0   0   0   0   0   0   0   0   0        
PF   -29-119   0   0   0   0   0   0   0   0   0   0   0   0   0   0   0        
PF   -31-119   0   0   0   0   0   0   0   0   0   0   0   0   0   0   0        
PF   -33-119   0   0   0   0   0   0   0   0   0   0   0   0   0   0   0        
PF   -35-119   0   0   0   0   0   0   0   0   0   0   0   0   0   0   0        
PF   -37-119   0   0   0   0   0   0   0   0   0   0   0   0   0   0   0        
PF   -39-119   0   0   0   0   0   0   0   0   0   0   0   0   0   0   0        
PF   -41-119   0   0   0   0   0   0   0   0   0   0   0   0   0   0   0        
PF   -43-119   0   0   0   0   0   0   0   0   0   0   0   0   0   0   0        
PF   -45-119   0   0   0   0   0   0   0   0   0   0   0   0   0   0   0        
PF   -47-119   0   0   0   0   0   0   0   0   0   0   0   0   0   0   0        
PF   -49-119   0   0   0   0   0   0   0   0   0   0   0   0   0   0   0        
PF   -51-119   0   0   0   0   0   0   0   0   0   0   0   0   0   0   0        
PF   -53-119   0   0   0   0   0   0   0   0   0   0   0   0   0   0   0        
PF   -55-119   0   0   0   0   0   0   0   0   0   0   0   0   0   0   0        
PF    83 -89   0   0   0   0   0   0   0   0   0   0   0   0   0   0   0        
PF    81 -89   0   0   0   0   0   0   0   0   0   0   0   0   0   0   0        
PF    79 -89   0   0   0   0   0   0   0   0   0   0   0   0   0   0   0        
PF    77 -89   0   0   0   0   0   0   0   0   0  22   0   0   0   0   0        
PF    75 -89   0   0   0   0  22  22  22  22  22  22  22  22  22   0   0        
PF    73 -89   0   0   0   0  22  22   0  22  22  22  22  22   0   0  22        
PF    71 -89   0   0   0   0   0   0   0   0   0   0  22  22  22   0  22        
PF    69 -89   0   0   0   0   0   0   0   0   0   0   0   0  22  22  22        
PF    67 -89   0   0   0   0   0   0   0   0   0   0   0   0   0   0  22        
PF    65 -89   0   0   0   0   0   0   0   0   0   0   0   0   0   0  22        
PF    63 -89   0   0   0   0   0   0   0   0   0   0   0   0   0  22  22        
PF    61 -89   0   0   0   0   0   0   0   0   0   0   0   0   0  22   0        
PF    59 -89   0   0   0   0   0   0   0   0   0   0   0   0   0   0  22        
PF    57 -89   0   0   0   0   0   0   0   0   0   0   0   0   0   0   0        
PF    55 -89   0   0   0   0   0   0   0   0   0   0   0   0   0   0   0        
PF    53 -89   0   0   0   0   0   0   0   0   0   0   0   0   0   0   0        
PF    51 -89   0   0   0   0   0   0   0   0   0   0   0   0   0   0   0        
PF    49 -89   0   0   0   0   0   0   0   0   0   0   0   0   0   0   0        
PF    47 -89   0   0   0   0   0   0   0   0   0   0   0   0   0   0   0        
PF    45 -89  32   0   0   0   0   0   0   0   0   0   0   0   0  22  22        
PF    43 -89  32   0   0   0   0  22  22   0   0   0   0  22  22  22  22        
PF    41 -89  32   0   0  31  31  22  13  22  22  22  22  22   0   0   0        
PF    39 -89  32  32  32  31  23  22  22  22  22   0   0   0   0   0   0        
PF    37 -89  32  31  23  21  22  21  21  22   0   0   0   0   0   0   0        
PF    35 -89  31  21  21  21  21  21  21  22   0   0   0   0   0   0   0        
PF    33 -89  31  21  21  21  21  22  22   0   0   0   0   0   0   0   0        
PF    31 -89  23  21  21  21  22  22   0   0   0   0   0   0   0   0   0        
PF    29 -89  31  13  13  22  22  22   0   0   0   0   0   0   0   0   0        
PF    27 -89   0   0  13  22  22  22  22   0   0   0   0   0   0   0   0        
PF    25 -89  22  22  13  21  22  22  22  22   0   0   0   0   0   0   0        
PF    23 -89  22  22  13  21  22  22  22  22  22   0   0   0   0   0   0        
PF    21 -89  22  22  13  21  22  22  22  22  22  22  22   0   0   0   0        
PF    19 -89  22  22   0   0   0  22  22  22  22  22  22  22  22  33   0        
PF    17 -89  22  22  21  22  21   0  22   0   0  22   0   0   0  33  33        
PF    15 -89  22  22  21  22  21   0   0   0   0   0   0   0   0   0  33        
PF    13 -89  22  22  22  22   0   0   0   0  31  32  33   0   0   0  33        
PF    11 -89   0  22  22  22   0   0   0  31  31  32  33  33  33  33  33        
PF     9 -89   0   0  22  22  22  21  22  31  22  23  21  22  33  33  33        
PF     7 -89   0   0   0  21  22  21  22  23  23  23  33  33  23  22  23        
PF     5 -89   0   0   0   0   0   0  22  23  23  33  33  21  21  22  22        
PF     3 -89   0   0   0   0   0  21  23  23  22  31  33  22  22  22  22        
PF     1 -89   0   0   0   0  31  21  23  22  22  22  22  22  22  22  22        
PF    -1 -89   0   0   0   0  31  23  22  21  21  21  22  22  23  21  22        
PF    -3 -89   0   0   0   0  31  23  21  21  21  21  21  22  22  21  21        
PF    -5 -89   0   0   0   0  23  23  21  21  22  22  21  21  22  21  22        
PF    -7 -89   0   0   0   0  23  23  22  22  22  22  22  22  21  21  21        
PF    -9 -89   0   0   0   0  23  23  23  22  23  22  22  22  21  22  22        
PF   -11 -89   0   0   0   0   0  23  23  23  23  21  21  22  23  23  22        
PF   -13 -89   0   0   0   0   0   0  23  23  23  23  23  22  23  23  22        
PF   -15 -89   0   0   0   0   0   0  23  31  31  31  23  23  23  23  23        
PF   -17 -89   0   0   0   0   0   0   0  31  31  23  31  23  23  23  23        
PF   -19 -89   0   0   0   0   0   0   0   0  31  23  31  23  23  31  23        
PF   -21 -89   0   0   0   0   0   0   0   0  31  23  31  23  23  32  32        
PF   -23 -89   0   0   0   0   0   0   0   0  31  23  31  23  23  32  32        
PF   -25 -89   0   0   0   0   0   0   0   0  31  23  31  31  32  32  32        
PF   -27 -89   0   0   0   0   0   0   0   0  31  22  31  31  32  32  32        
PF   -29 -89   0   0   0   0   0   0   0   0  31  23  31  32  32  32  32        
PF   -31 -89   0   0   0   0   0   0   0   0  23  23  31  32  32  32  32        
PF   -33 -89   0   0   0   0   0   0   0   0  23  23  31  32  32  32  32        
PF   -35 -89   0   0   0   0   0   0   0   0  23  23  23  32  32  32  32        
PF   -37 -89   0   0   0   0   0   0   0   0  23  23  23  23  23  23  32        
PF   -39 -89   0   0   0   0   0   0   0  23  23  23  23  23  23  23  23        
PF   -41 -89   0   0   0   0   0   0   0  23  23  23  23  23  23  23  23        
PF   -43 -89   0   0   0   0   0   0   0  23  23  23  23  23  23  23  23        
PF   -45 -89   0   0   0   0   0   0   0  23  23  23  23  23  23  23  23        
PF   -47 -89   0   0   0   0   0   0   0  23  23  23  23  23  23  23  23        
PF   -49 -89   0   0   0   0   0   0   0  23  23  23  23  23  23  23  23        
PF   -51 -89   0   0   0   0   0   0   0  23  23  23  23  23  23  23  23        
PF   -53 -89   0   0   0   0   0   0   0  23  23  23  23  23  23   0  23        
PF   -55 -89   0   0   0   0   0   0   0  23  23  23  23  23  23  23   0        
PF    83 -59   0   0   0   0   0   0   0   0   0   0   0   0   0   0   0        
PF    81 -59   0   0   0   0   0   0   0   0   0   0   0   0   0   0   0        
PF    79 -59   0   0   0   0   0   0   0   0   0   0   0   0   0   0   0        
PF    77 -59   0   0   0   0   0   0   0   0   0   0   0   0   0   0   0        
PF    75 -59   0   0   0   0   0   0   0   0   0   0   0   0   0   0   0        
PF    73 -59  22   0   0   0   0   0   0   0   0   0   0   0   0   0   0        
PF    71 -59  22  22   0   0   0   0   0   0   0   0   0   0   0   0   0        
PF    69 -59  22  22   0   0   0   0   0   0   0   0   0   0   0   0   0        
PF    67 -59  22  22   0   0   0   0   0   0   0   0   0   0   0   0   0        
PF    65 -59  22  22  22   0   0   0   0   0   0   0   0   0  22  22  23        
PF    63 -59   0   0   0  22  22   0   0   0   0  22   0   0   0   0   0        
PF    61 -59   0   0   0   0  22  22  22   0   0   0   0   0   0   0   0        
PF    59 -59   0   0   0   0   0   0   0  22  22   0   0   0   0   0   0        
PF    57 -59   0   0   0   0   0   0   0   0   0   0   0   0   0   0   0        
PF    55 -59   0   0   0   0   0   0   0   0   0   0   0   0   0   0   0        
PF    53 -59   0   0   0   0   0   0   0   0   0   0   0   0   0   0   0        
PF    51 -59   0   0   0   0   0   0   0   0   0   0   0   0   0   0   0        
PF    49 -59   0   0   0  22  22   0   0   0   0   0   0   0   0   0   0        
PF    47 -59   0   0   0  22  22  22   0   0   0   0   0   0   0   0   0        
PF    45 -59  22  22  22  22  22  22   0   0   0   0   0   0   0   0   0        
PF    43 -59  22   0   0  22  22  22   0   0   0   0   0   0   0   0   0        
PF    41 -59   0   0   0   0   0   0   0   0   0   0   0   0   0   0   0        
PF    39 -59   0   0   0   0   0   0   0   0   0   0   0   0   0   0   0        
PF    37 -59   0   0   0   0   0   0   0   0   0   0   0   0   0   0   0        
PF    35 -59   0   0   0   0   0   0   0   0   0   0   0   0   0   0   0        
PF    33 -59   0   0   0   0   0   0   0   0   0   0   0   0   0   0   0        
PF    31 -59   0   0   0   0   0   0   0   0   0   0   0   0   0   0   0        
PF    29 -59   0   0   0   0   0   0   0   0   0   0   0   0   0   0   0        
PF    27 -59   0   0   0   0   0   0   0   0   0   0   0   0   0   0   0        
PF    25 -59   0   0   0   0   0   0   0   0   0   0   0   0   0   0   0        
PF    23 -59   0   0   0   0   0   0   0   0   0   0   0   0   0   0   0        
PF    21 -59   0   0   0   0   0   0   0   0   0   0   0   0   0   0   0        
PF    19 -59   0   0   0   0   0   0   0   0   0   0   0   0   0   0   0        
PF    17 -59   0   0   0   0   0   0   0   0   0   0   0   0   0   0   0        
PF    15 -59   0   0   0   0   0   0   0   0   0   0   0   0   0   0   0        
PF    13 -59  33   0   0   0   0   0   0   0   0   0   0   0   0   0   0        
PF    11 -59   0   0   0   0   0   0   0   0   0   0   0   0   0   0   0        
PF     9 -59  33  32   0   0   0   0   0   0   0   0   0   0   0   0   0        
PF     7 -59  33  32  31  31   0   0   0   0   0   0   0   0   0   0   0        
PF     5 -59  21  21  21  21  21  21   0   0   0   0   0   0   0   0   0        
PF     3 -59  22  22  21  21  21  23  23   0   0   0   0   0   0   0   0        
PF     1 -59  22  22  22  21  22  23  23  23   0   0   0   0   0   0   0        
PF    -1 -59  21  21  21  21  13  23  31  23  23   0   0   0   0   0   0        
PF    -3 -59  21  21  21  23  21  23  21  23  23  23  23  31   0   0   0        
PF    -5 -59  22  22  21  23  23  23  23  23  23  23  31  31  31   0   0        
PF    -7 -59  21  21  22  23  23  23  23  22  23  23  31  23  22   0   0        
PF    -9 -59  22  22  21  23  23  23  23  22  23  23  31  23  22   0   0        
PF   -11 -59  22  21  21  23  23  23  23  22  23  23  31  23   0   0   0        
PF   -13 -59  22  23  23  21  21  22  21  22  31  31  23  31   0   0   0        
PF   -15 -59  22  23  23  22  21  22  31  31  31  31  23   0   0   0   0        
PF   -17 -59  31  23  23  23  23  31  31  31  31  23  31  31   0   0   0        
PF   -19 -59  31  23  22  21  23  23  22  31  31  23  31  31   0   0   0        
PF   -21 -59  32  23  21  21  23  21  22  22  23  31  31  31   0   0   0        
PF   -23 -59  32  32  23  21  23  23  21  22  23  31   0   0   0   0   0        
PF   -25 -59  32  32  23  22  22  22  31  31  31   0   0   0   0   0   0        
PF   -27 -59  32  32  32  22  22  31  31   0   0   0   0   0   0   0   0        
PF   -29 -59  32  32  32  22  22  31  31   0   0   0   0   0   0   0   0        
PF   -31 -59  32  32  31  22  23  31   0   0   0   0   0   0   0   0   0        
PF   -33 -59  32  32  31  23  23   0   0   0   0   0   0   0   0   0   0        
PF   -35 -59  32  23  23  23  23   0   0   0   0   0   0   0   0   0   0        
PF   -37 -59  32  23  23  23   0   0   0   0   0   0   0   0   0   0   0        
PF   -39 -59  23  23  23   0   0   0   0   0   0   0   0   0   0   0   0        
PF   -41 -59  23  23   0   0   0   0   0   0   0   0   0   0   0   0   0        
PF   -43 -59  23   0   0   0   0   0   0   0   0   0   0   0   0   0   0        
PF   -45 -59  23   0   0   0   0   0   0   0   0   0   0   0   0   0   0        
PF   -47 -59   0   0   0   0   0   0   0   0   0   0   0   0   0   0   0        
PF   -49 -59  23   0   0   0   0   0   0   0   0   0   0   0   0   0   0        
PF   -51 -59  23  23   0   0   0   0   0   0   0   0   0   0   0   0   0        
PF   -53 -59   0   0   0   0   0   0   0   0   0   0   0   0   0   0   0        
PF   -55 -59   0   0   0   0   0   0   0   0   0   0   0   0   0   0   0        
PF    83 -29   0   0   0   0   0   0   0   0   0   0   0   0   0   0   0        
PF    81 -29   0   0   0   0   0   0   0   0   0   0   0   0   0   0   0        
PF    79 -29   0   0   0   0   0   0   0   0   0   0  23  23   0   0   0        
PF    77 -29   0   0   0   0   0   0   0   0  23  23  23   0   0   0   0        
PF    75 -29   0   0   0   0   0   0  23  23  23   0   0   0   0   0   0        
PF    73 -29   0   0   0   0   0  23  23   0   0   0   0   0   0   0   0        
PF    71 -29   0   0   0   0   0  23   0   0   0   0   0   0   0   0   0        
PF    69 -29   0   0  23  23  23  23   0   0   0   0   0   0   0   0   0        
PF    67 -29  23  23  23  23  23  23  23  23  23  23   0   0   0   0   0        
PF    65 -29  23  23   0   0   0   0   0   0  23  23   0   0   0   0   0        
PF    63 -29   0   0  23  23  23  23  23  23   0   0  12  12  12   0   0        
PF    61 -29   0   0   0   0   0   0   0   0   0   0   0  12  12  12   0        
PF    59 -29   0   0   0   0   0   0   0   0   0   0  12  12   0   0   0        
PF    57 -29   0   0   0   0   0   0   0   0   0   0   0   0   0   0   0        
PF    55 -29   0   0   0   0   0   0   0   0   0  12   0   0   0   0   0        
PF    53 -29   0   0   0   0   0   0   0   0   0  22  22  22  22  22  22        
PF    51 -29   0   0   0   0   0   0   0   0   0  22  22  22  22  22  22        
PF    49 -29   0   0   0   0   0   0   0   0   0  22  22  22  22  23  32        
PF    47 -29   0   0   0   0   0   0   0   0   0   0   0  22  22  23  31        
PF    45 -29   0   0   0   0   0   0   0   0   0   0   0   0   0  22  22        
PF    43 -29   0   0   0   0   0   0   0   0   0   0  22  22  22  22  22        
PF    41 -29   0   0   0   0   0   0   0   0   0   0  23  23  22  22  22        
PF    39 -29   0   0   0   0   0   0   0   0   0   0  23  23  23  22  22        
PF    37 -29   0   0   0   0   0   0   0   0   0   0  23  23  23  22  22        
PF    35 -29   0   0   0   0   0   0   0   0   0   0   0  23  23  22  22        
PF    33 -29   0   0   0   0   0   0   0   0   0   0  23  21  21  23  31        
PF    31 -29   0   0   0   0   0   0   0   0   0  31  21  21  21  31  32        
PF    29 -29   0   0   0   0   0   0   0  41  41  32  23  31  32  33  33        
PF    27 -29   0   0   0   0   0   0   0  42  41  31  33  33  32  41  33        
PF    25 -29   0   0   0   0   0   0  11  42  33  42  41  41  33  41  41        
PF    23 -29   0   0   0   0   0   0  41  41  41  42  42  41  21  41  41        
PF    21 -29   0   0   0   0   0   0  41  33  33  43  51  42  42  42  42        
PF    19 -29   0   0   0   0   0   0  41  41  33  43  51  41  42  41  41        
PF    17 -29   0   0   0   0   0   0  33  33  33  41  43  41  41  33  41        
PF    15 -29   0   0   0   0   0   0  32  33  32  31  23  33  33  33  33        
PF    13 -29   0   0   0   0   0   0  32  32  33  33  33  31  31  31  31        
PF    11 -29   0   0   0   0   0   0  32  23  22  22  22  33  23  33  33        
PF     9 -29   0   0   0   0   0   0  32  23  22  22  22  23  23  23  23        
PF     7 -29   0   0   0   0   0   0   0  23  22  22  21  22  22  22  22        
PF     5 -29   0   0   0   0   0   0   0   0   0  22  21  22  22  22  22        
PF     3 -29   0   0   0   0   0   0   0   0   0   0   0   0   0   0   0        
PF     1 -29   0   0   0   0   0   0   0   0   0   0   0   0   0   0   0        
PF    -1 -29   0   0   0   0   0   0   0   0   0   0   0   0   0   0   0        
PF    -3 -29   0   0   0   0   0   0   0   0   0   0   0   0   0   0   0        
PF    -5 -29   0   0   0   0   0   0   0   0   0   0   0   0   0   0   0        
PF    -7 -29   0   0   0   0   0   0   0   0   0   0   0   0   0   0   0        
PF    -9 -29   0   0   0   0   0   0   0   0   0   0   0   0   0   0   0        
PF   -11 -29   0   0   0   0   0   0   0   0   0   0   0   0   0   0   0        
PF   -13 -29   0   0   0   0   0   0   0   0   0   0   0   0   0   0   0        
PF   -15 -29   0   0   0   0   0   0   0   0   0   0   0   0   0   0   0        
PF   -17 -29   0   0   0   0   0   0   0   0   0   0   0   0   0   0   0        
PF   -19 -29   0   0   0   0   0   0   0   0   0   0   0   0   0   0   0        
PF   -21 -29   0   0   0   0   0   0   0   0   0   0   0   0   0   0   0        
PF   -23 -29   0   0   0   0   0   0   0   0   0   0   0   0   0   0   0        
PF   -25 -29   0   0   0   0   0   0   0   0   0   0   0   0   0   0   0        
PF   -27 -29   0   0   0   0   0   0   0   0   0   0   0   0   0   0   0        
PF   -29 -29   0   0   0   0   0   0   0   0   0   0   0   0   0   0   0        
PF   -31 -29   0   0   0   0   0   0   0   0   0   0   0   0   0   0   0        
PF   -33 -29   0   0   0   0   0   0   0   0   0   0   0   0   0   0   0        
PF   -35 -29   0   0   0   0   0   0   0   0   0   0   0   0   0   0   0        
PF   -37 -29   0   0   0   0   0   0   0   0   0   0   0   0   0   0   0        
PF   -39 -29   0   0   0   0   0   0   0   0   0   0   0   0   0   0   0        
PF   -41 -29   0   0   0   0   0   0   0   0   0   0   0   0   0   0   0        
PF   -43 -29   0   0   0   0   0   0   0   0   0   0   0   0   0   0   0        
PF   -45 -29   0   0   0   0   0   0   0   0   0   0   0   0   0   0   0        
PF   -47 -29   0   0   0   0   0   0   0   0   0   0   0   0   0   0   0        
PF   -49 -29   0   0   0   0   0   0   0   0   0   0   0   0   0   0   0        
PF   -51 -29   0   0   0   0   0   0   0   0   0   0   0   0   0   0   0        
PF   -53 -29   0   0   0   0   0   0   0   0   0   0   0   0   0   0   0        
PF   -55 -29   0   0   0   0   0   0   0   0   0   0   0   0   0   0   0        
