PG    83   1   0   0   0   0   0   0   0   0   0   0   0   0   0   0   0        
PG    81   1   0   0   0   0   0   0   0   0   0   0   0   0   0   0   0        
PG    79   1   0   0   0   0  21  21   0   0   0   0   0   0   0   0  22        
PG    77   1   0   0   0   0   0  21  21   0   0  22  23  23  22  22   0        
PG    75   1   0   0   0   0   0   0   0  21  33  22   0   0   0   0   0        
PG    73   1   0   0   0   0   0   0   0   0   0   0   0   0   0   0   0        
PG    71   1   0   0   0   0   0   0   0   0  52  22  22  33  32  32  32        
PG    69   1   0   0   0   0   0  22  22  33   0   0   0   0   0   0   0        
PG    67   1   0   0   0  22  22   0   0   0   0   0   0   0   0   0   0        
PG    65   1   0   0  22   0   0   0   0   0   0   0   0   0   0   0   0        
PG    63   1   0  22  22   0   0   0   0   0   0   0   0   0   0   0   0        
PG    61   1   0   0   0   0   0   0   0   0   0   0   0   0   0   0   0        
PG    59   1   0   0   0   0   0   0   0   0   0   0   0   0   0   0   0        
PG    57   1   0   0   0  22  22   0   0   0   0   0   0   0   0   0   0        
PG    55   1   0   0  21  22  22  22   0   0   0   0   0   0   0  31  22        
PG    53   1  21  22  21  21  22  21   0   0   0  22  21  21  22  23  22        
PG    51   1  21  22  23  32  32  32  31  31  23  22  23  31  23  23  22        
PG    49   1  22  22  31  33  33  32  32  33  33  33  42  42  32  32  32        
PG    47   1  22  32  33  62  43  43  43  43  31  23  31  41  53  32  32        
PG    45   1  31  33  33  53  42  41  32  33  52  33  52  43  43  32  23        
PG    43   1  42  33  32  52  33  52  52  32  52  52  53  43  43  33  21        
PG    41   1  33  33   0   0  33   0  52  52  33  33  52  43  63  32  33        
PG    39   1  23  23  31   0  33   0  33  33  52  22  52  43  33  33  61        
PG    37   1  32  32  22  22  23  21  33  62  33   0  62  53  33  32  52        
PG    35   1  22  22  22  32  32  12  33   0   0   0   0  32  33  32   0        
PG    33   1  22  12  21  12  21  21  21  12   0  21  32  22  21   0   0        
PG    31   1  21  21  21  12  21  21  21  21  21  21  12  12  21  21  21        
PG    29   1  21  21  12  12  21  21  21  21  22  21  12  12  12  21  21        
PG    27   1  21  22  21  21  21  12  21  21  22  21  12  12  12  21  21        
PG    25   1  21  21  31  22  31  21  12  21  21  21  21  21  21  21  21        
PG    23   1  12  21  31  31  21  21  21  21  21  21  21  21  21  22  12        
PG    21   1  22  21  22  21  12  12  21  12  32  52  21  12  12  21  12        
PG    19   1  22  21  12  21  22  12  12  12  21  32  21  21  12  21  12        
PG    17   1  12  12  12  12  12  12  12  12  12  12  21  22  12  21  12        
PG    15   1  12  12  12  12  21  12  12  12  12  12  21  21  21  12  12        
PG    13   1  12  21  12  12  12  12  12  12  12  21  12  22  22  12  12        
PG    11   1  22  21  22  12  22  21  12  12  12  21  12  12  21  12  12        
PG     9   1  22  21  21  22  22  22  12  21  12  12  21  21  21  12  12        
PG     7   1  22  21  21  22  21  52  22  31  21  21  12  12  12  22  12        
PG     5   1  12   0  12  12  31  52  12  21  21  21  21  12  12  21  12        
PG     3   1   0   0   0  12  22  22  12  21  21  21  21  21  21  12  22        
PG     1   1   0   0   0  12  21  22  22  21  12  12  12  12  21  12  31        
PG    -1   1   0   0   0  12  21  22  22  21  12  12  12  21  21  22  32        
PG    -3   1   0   0   0   0  21  22  22  21  21  12  21  21  21  22  32        
PG    -5   1   0   0   0   0   0  12  22  22  22  21  21  22  12  21  22        
PG    -7   1   0   0   0   0   0   0  22  22  22  21  21  22  21  22  22        
PG    -9   1   0   0   0   0   0   0  22  22  22  21  22  22  22  23  22        
PG   -11   1   0   0   0   0   0   0  22  32  22  21  22  22  22  23  22        
PG   -13   1   0   0   0   0   0   0  22  32  22  12  12  21  21  21  12        
PG   -15   1   0   0   0   0   0  22  22  21  12  12  12  21  22  22  22        
PG   -17   1   0   0   0   0   0  22  22  12  12  12  12  21  22  22  22        
PG   -19   1   0   0   0   0   0  22  22  21  21  12  12  21  21  22  12        
PG   -21   1   0   0   0   0   0   0  22  21  22  12  12  12  12  22  22        
PG   -23   1   0   0   0   0   0   0  22  22  32  21  12  12  12  22  22        
PG   -25   1   0   0   0   0   0   0   0  22  22  21  12  12  22  23  23        
PG   -27   1   0   0   0   0   0   0   0  22  22  22  12  22  22  23  23        
PG   -29   1   0   0   0   0   0   0   0  22  21  22  21  22  23  32  62        
PG   -31   1   0   0   0   0   0   0   0   0  21  22  22  22  32  32  33        
PG   -33   1   0   0   0   0   0   0   0   0  12  32  32  32  23  22  22        
PG   -35   1   0   0   0   0   0   0   0   0   0  32  22  32  22  22   0        
PG   -37   1   0   0   0   0   0   0   0   0   0  32  22   0   0   0   0        
PG   -39   1   0   0   0   0   0   0   0   0   0   0   0   0   0   0   0        
PG   -41   1   0   0   0   0   0   0   0   0   0   0   0   0   0   0   0        
PG   -43   1   0   0   0   0   0   0   0   0   0   0   0   0   0   0   0        
PG   -45   1   0   0   0   0   0   0   0   0   0   0   0   0   0   0   0        
PG   -47   1   0   0   0   0   0   0   0   0   0   0   0   0   0   0   0        
PG   -49   1   0   0   0   0   0   0   0   0   0   0   0   0   0   0   0        
PG   -51   1   0   0   0   0   0   0   0   0   0   0   0   0   0   0   0        
PG   -53   1   0   0   0   0   0   0   0   0   0   0   0   0   0   0   0        
PG   -55   1   0   0   0   0   0   0   0   0   0   0   0   0   0   0   0        
PG    83  31   0   0   0   0   0   0   0   0   0   0   0   0   0   0   0        
PG    81  31   0   0   0   0   0   0   0   0   0   0   0   0   0   0   0        
PG    79  31   0   0   0   0   0   0   0  21  21  21  21  22  22  22  22        
PG    77  31   0   0   0   0   0   0   0   0   0  21  21  22  22  22  22        
PG    75  31   0   0   0   0   0   0   0   0   0  21  21  22  32  33  31        
PG    73  31   0   0   0   0   0   0   0   0   0  21  21  23  32  23  22        
PG    71  31  32  33  33   0   0   0   0   0   0  21  21  22  22  21  21        
PG    69  31   0   0   0   0   0   0   0  23  21  21  21  21  22  21  21        
PG    67  31   0   0   0   0   0   0   0  21  21  21  13  12  13  21  22        
PG    65  31   0   0   0   0   0   0   0  23  22  21  21  13  21  23  33        
PG    63  31   0   0   0   0   0   0   0  23  22  13  13  22  31  31  53        
PG    61  31   0   0   0   0   0  22  23  22  22  13  22  23  21  32  52        
PG    59  31   0   0   0   0  22  21  22  22  22  21  23  32  23  32  51        
PG    57  31   0   0  23  22  22  22  22  21  21  21  21  32  31  32  31        
PG    55  31  31  23  23  23  22  22  21  23  23  13  31  32  23  33  52        
PG    53  31  22  22  23  32  23  22  31  31  23  21  22  23  33  33  31        
PG    51  31  22  21  23  23  32  22  21  23  21  13   0   0  22  32  21        
PG    49  31  23  22  22  22  32  23  22  22   0   0   0   0  22  22  22        
PG    47  31  22  21  21  22  22  22  21  22   0   0   0   0  21  22  21        
PG    45  31  21  23  32  22  32  33  33  23  21   0  22  23  21  21  21        
PG    43  31   0   0   0   0  33  43  43  43  43   0  22  22  23  22  12        
PG    41  31  33  42  42  42  42  53  43  63  43  42  22  22  23  21  12        
PG    39  31  33  31  31  52  43  63  43  53  43  41   0  21  32  32  12        
PG    37  31  52  41  52  33  31  32  43  53  42  42  42  33  33  42  42        
PG    35  31   0  33  23  32  31  21  32  53  42  41  32  31  23  32  33        
PG    33  31  12   0  22  22  12  21  21  12  52  33  33  33  32  31  33        
PG    31  31  12  21  22  21  12  21  21  12  12  22  33  41  61  33  22        
PG    29  31  21  22  22  22  12  13  12  24  21  21  31  42  33  62  31        
PG    27  31  21  22  21  22  21  21  21  21  12  12  21  23  31  31  31        
PG    25  31  21  22  21  21  21  21  21  21  21  13  12  22  22  32  31        
PG    23  31  21  22  21  21  21  21  21  21  21  13  12  12  12  32  23        
PG    21  31  12  22  12  21  21  31  21  12  21  13  13  11  11  21  13        
PG    19  31  12  12  21  22  21  31  52  12  12  11  13  13  11  12  13        
PG    17  31  12  12  12  22  32  31  52  22  21  21  21  22  33  21   0        
PG    15  31  12  12  21  21  52  21  51  32  22  22  23  22   0   0   0        
PG    13  31  21  12  21  32  52  21  32  32  21  22   0  22   0   0   0        
PG    11  31  21  12  22  52  52  21  21  31  22  22  22  22   0   0   0        
PG     9  31  12  12  32  52  52  42  22  31  22  22  22   0   0   0   0        
PG     7  31  22  22  32  52  52  33  23  21  21  21   0   0   0   0   0        
PG     5  31  22  22  22  32  32  31  23  21  21  21   0   0   0   0   0        
PG     3  31  23  22  22  22  22  23  22  21  21   0   0   0   0   0   0        
PG     1  31  22  22  32  31  22  21  21  21   0   0   0   0   0   0   0        
PG    -1  31  23  21  32  33  23  21  21   0   0   0   0   0   0   0   0        
PG    -3  31  23  22  23  31  23  21   0   0   0   0   0   0   0   0   0        
PG    -5  31  21  22  22  21  22   0   0   0   0   0   0   0   0   0   0        
PG    -7  31  22  32  22  31  22   0   0   0   0   0   0   0   0   0   0        
PG    -9  31  23  32  32  23  21  12   0   0   0   0   0   0   0   0   0        
PG   -11  31  22  23  22  22  22  12   0   0   0   0   0   0   0   0   0        
PG   -13  31  22  22  22  21  22  21   0   0  22  61   0   0   0   0   0        
PG   -15  31  22  22  22  22  22  21   0  22  22  32  21   0   0   0   0        
PG   -17  31  22  22  22  21  21  21  21  32  32  31  21   0   0   0   0        
PG   -19  31  21  32  21  12   0   0  21  32  62  31   0   0   0   0   0        
PG   -21  31  22  22  12  21   0   0  21  32  32  31   0   0   0   0   0        
PG   -23  31  22  21  21   0   0   0  21  32  32   0   0   0   0   0   0        
PG   -25  31  32  12  12   0   0   0  21  32  32   0   0   0   0   0   0        
PG   -27  31  32  12   0   0   0   0   0  21   0   0   0   0   0   0   0        
PG   -29  31  32  12   0   0   0   0   0   0   0   0   0   0   0   0   0        
PG   -31  31  22   0   0   0   0   0   0   0   0   0   0   0   0   0   0        
PG   -33  31   0   0   0   0   0   0   0   0   0   0   0   0   0   0   0        
PG   -35  31   0   0   0   0   0   0   0   0   0   0   0   0   0   0   0        
PG   -37  31   0   0   0   0   0   0   0   0   0   0   0   0   0   0   0        
PG   -39  31   0   0   0   0   0   0   0   0   0   0   0   0   0   0   0        
PG   -41  31   0   0   0   0   0   0   0   0   0   0   0   0   0   0   0        
PG   -43  31   0   0   0   0   0   0   0   0   0   0   0   0   0   0   0        
PG   -45  31   0   0   0   0   0   0   0   0   0   0   0   0   0   0   0        
PG   -47  31   0   0   0   0   0   0   0   0   0   0   0   0   0   0   0        
PG   -49  31   0   0   0   0   0   0   0   0   0   0   0   0   0   0   0        
PG   -51  31   0   0   0   0   0   0   0   0   0   0   0   0   0   0   0        
PG   -53  31   0   0   0   0   0   0   0   0   0   0   0   0   0   0   0        
PG   -55  31   0   0   0   0   0   0   0   0   0   0   0   0   0   0   0        
PG    83  61   0   0   0   0   0   0   0   0   0   0   0   0   0   0   0        
PG    81  61   0   0   0   0   0   0   0   0   0   0   0   0   0   0   0        
PG    79  61  22  22  22  22  22  21  21  21  12  12  22  21  12  12  12        
PG    77  61  22  22  22  22  22  21  21  21  12  12  22  21  12  12  12        
PG    75  61  22  22  22  22  22  21  21  21  12  12  22  21  12  12  12        
PG    73  61  22  21  22  22  21  21  21  21  12  12  22  22  12  12  12        
PG    71  61  22  31  22  22  21  21  21  21  12  12  12  12  12  12  12        
PG    69  61  22  31  22  32  21  12  21  12  13   0   0   0   0   0   0        
PG    67  61  22  32   0  32  22  12  11  11  11  11  22  11   0   0   0        
PG    65  61  33  31  23  21  22  22  21  21  21  22  22  11  11  11  23        
PG    63  61  22  23  21  22  21  22  22  22  22  22  22  11  11  11  21        
PG    61  61  31  13  22  22  13  13  12  12  12  12  22  12  11  12  12        
PG    59  61  21  21  12  11  12  13  21  21  21  21  22  12  12  11  11        
PG    57  61  22  22  22  22  22  22  22  22  21  21  11  12  13  11  21        
PG    55  61  32  13  22  13  13  21  22  22  22  12  32  23  21  23  33        
PG    53  61  23  22  23  31  31  31  23  22  21  22  21  31  22  23  41        
PG    51  61  23  21  22  23  23  21  31  31  31  31  21  33  33  33  42        
PG    49  61  21  23  21  31  21  31  22  23  23  23  21  31  32  32  32        
PG    47  61  21  21  21  22  13  21  21  21  21  21  21  32  33  13  23        
PG    45  61  21  13  12  22  13  13  21  21  22  33  33  32  21  13  12        
PG    43  61  13  21  13  22  31  41  41  41  42  42  32  33  63  42  23        
PG    41  61  12  22  32  31  22  41  41  42  42  41  13  12  12  21  22        
PG    39  61  13  21  21  42  43  44  43  43  31  21  11  11  12  21  32        
PG    37  61  23  23  22  32  33  54  44  44  42  42  22  32  42  42  32        
PG    35  61  33  33  33  32  42  44  42  53  54  51  43  62  41  31  42        
PG    33  61  32  31  33  31  32  41  31  51  53  53  44  43  42  41  43        
PG    31  61  31  21  31  31  32  32  21  31  33  42  44  43  43  42  43        
PG    29  61  31  23  23  32  33  23  21  21  21  32  44  44  44  42  44        
PG    27  61  31  23  32  32  21  23  21  22  22  21  21  21  31  44  44        
PG    25  61  32  22  23  31  21  23  23  22  21  21  22  21  23  21  13        
PG    23  61   0   0   0  31  21  23  21  22  21  23  23  23  23  22  13        
PG    21  61   0   0   0   0  21  31  31  31  21  31  22  31  31  22  13        
PG    19  61   0   0   0   0  21  31  31  31  21  31  22  31  31  22   0        
PG    17  61   0   0   0   0   0  22  33  22  22  23  23  23   0   0   0        
PG    15  61   0  22  21   0   0   0  31  22  23  31  23   0   0   0   0        
PG    13  61   0   0   0   0   0   0  31  31  23  31  22   0   0   0   0        
PG    11  61   0   0   0   0   0   0   0  33  32  31  22   0   0   0   0        
PG     9  61   0   0   0   0   0   0   0  22  32  13  32   0   0   0   0        
PG     7  61   0   0   0   0   0   0   0   0  22  13  62   0   0   0   0        
PG     5  61   0   0   0   0   0   0   0   0   0   0   0   0   0   0   0        
PG     3  61   0   0   0   0   0   0   0   0   0   0   0   0   0   0   0        
PG     1  61   0   0   0   0   0   0   0   0   0   0   0   0   0   0   0        
PG    -1  61   0   0   0   0   0   0   0   0   0   0   0   0   0   0   0        
PG    -3  61   0   0   0   0   0   0   0   0   0   0   0   0   0   0   0        
PG    -5  61   0   0   0   0   0   0   0   0   0   0   0   0   0   0   0        
PG    -7  61   0   0   0   0   0   0   0   0   0   0   0   0   0   0   0        
PG    -9  61   0   0   0   0   0   0   0   0   0   0   0   0   0   0   0        
PG   -11  61   0   0   0   0   0   0   0   0   0   0   0   0   0   0   0        
PG   -13  61   0   0   0   0   0   0   0   0   0   0   0   0   0   0   0        
PG   -15  61   0   0   0   0   0   0   0   0   0   0   0   0   0   0   0        
PG   -17  61   0   0   0   0   0   0   0   0   0   0   0   0   0   0   0        
PG   -19  61   0   0   0   0   0   0   0   0   0   0   0   0   0   0   0        
PG   -21  61   0   0   0   0   0   0   0   0   0   0   0   0   0   0   0        
PG   -23  61   0   0   0   0   0   0   0   0   0   0   0   0   0   0   0        
PG   -25  61   0   0   0   0   0   0   0   0   0   0   0   0   0   0   0        
PG   -27  61   0   0   0   0   0   0   0   0   0   0   0   0   0   0   0        
PG   -29  61   0   0   0   0   0   0   0   0   0   0   0   0   0   0   0        
PG   -31  61   0   0   0   0   0   0   0   0   0   0   0   0   0   0   0        
PG   -33  61   0   0   0   0   0   0   0   0   0   0   0   0   0   0   0        
PG   -35  61   0   0   0   0   0   0   0   0   0   0   0   0   0   0   0        
PG   -37  61   0   0   0   0   0   0   0   0   0   0   0   0   0   0   0        
PG   -39  61   0   0   0   0   0   0   0   0   0   0   0   0   0   0   0        
PG   -41  61   0   0   0   0   0   0   0   0   0   0   0   0   0   0   0        
PG   -43  61   0   0   0   0   0   0   0   0   0   0   0   0   0   0   0        
PG   -45  61   0   0   0   0   0   0   0   0   0   0   0   0   0   0   0        
PG   -47  61   0   0   0   0  32  32   0   0   0   0   0   0   0   0   0        
PG   -49  61   0   0   0   0  32  32   0   0   0   0   0   0   0   0   0        
PG   -51  61   0   0   0   0  32   0   0   0   0   0   0   0   0   0   0        
PG   -53  61   0   0   0   0   0   0  32   0   0   0   0   0   0   0   0        
PG   -55  61   0   0   0   0   0   0   0   0   0   0   0   0   0   0   0        
PG    83  91   0   0   0   0   0   0   0   0   0   0   0   0   0   0   0        
PG    81  91   0   0   0   0   0   0   0   0   0   0   0   0   0   0   0        
PG    79  91  12  21  12  22  32  32  32  32  32  32  32   0   0   0   0        
PG    77  91  22  21  12  22  12  12  12  22  32  32  32  12  12  12  12        
PG    75  91  32  32   0  32  32  32  32  32  32  32  32  12  12  12  12        
PG    73  91  12  12  12  12  12  12  12  12  12  12  12  12  12  12  12        
PG    71  91  22  22  22  22  22  22  32   0   0  32  32  13  12  12  23        
PG    69  91   0   0   0   0  31  23  22  21  32  32  32  31  31  23  22        
PG    67  91   0   0   0  32  21  32  32  32  32  32  32  32  32  31  23        
PG    65  91  31  31  32  32  31  32  21  22  23  32  31  31  23  23  23        
PG    63  91  22  22  23  22  12  12  31  23  23  31  32  11  12  21  22        
PG    61  91  22  22  23  22  12  12  31  23  23  31  32  32  31  31  23        
PG    59  91  21  32  33  23  22  22  22  21  23  22  33  61  62  61  61        
PG    57  91  23  31  23  22  22  33  33  21  21  43  44  43  43  44  43        
PG    55  91  32  32  33  61  33  31  21  31  32  54  54  44  44  44  44        
PG    53  91  33  42  41  43  53  64  31  32  52  43  53  42  42  43  44        
PG    51  91  42  42  42  43  54  43  44  43  22  42  42  42  42  43  42        
PG    49  91  32  31  42  42  62  62  42  33  22  52  33  32  12  12  12        
PG    47  91  32  33  33  43  43  42  32  32  12  23  21  31  13  12  33        
PG    45  91  22  33  33  43  42  61  32  12  12  22  23  22  22  31  31        
PG    43  91  23  32  32  31  32  31  32  42  21  22  21  22  22  31  32        
PG    41  91  13  32  22  32  32  21  22  22  33  33  33  32  33  62  62        
PG    39  91  32  22  33  44  44  44  32  22  33  31  33  42  42  13  23        
PG    37  91  33  31  31  44  44  44  53  32  61  33  33  32  31  33  32        
PG    35  91  42  32  32  44  44  44  44  62  61  42  42  32  12  31  31        
PG    33  91  43  43  42  44  54  52  53  33  63  33  31  32  12  12  21        
PG    31  91  43  42  43  54  44  63  53  22  32  63  32  32  33  33  62        
PG    29  91  43  44  43  64  54  64  53  22  33  32  32  42  42  61  62        
PG    27  91  44  44  52  61  54  54  52  32  23  22  31  33  33  42  62        
PG    25  91  32  54  52  33  53  33  33  32  22  23  62  61  33  33  63        
PG    23  91  13  54  31  33  33  33  42  33  23  32  32  33  33  32  33        
PG    21  91  13  52  23  33  33  33  33  33  22  32  22  33  33  32   0        
PG    19  91   0  22  23  52  62  33  51  32  22  33  22  33   0   0   0        
PG    17  91   0  22  21  21  52  61  12  32  32  32  22   0   0   0  33        
PG    15  91  22   0  21  21  52  23  31  21  33  32   0   0   0   0  33        
PG    13  91   0  22   0  21  33  22  32  12  31  32   0   0   0   0  33        
PG    11  91   0  22   0  21  32  22  33  21  21  32   0   0   0  32  33        
PG     9  91   0  22   0  21  22  22  33  21  21  21   0   0   0  32  33        
PG     7  91   0  22   0  33  22  21  22  21  21  21   0   0  22  32  33        
PG     5  91   0   0  22  62  22  52  62  21  21  21  22  22  33  33  33        
PG     3  91   0   0  22  62  52  33  33  21  21  21  22  22  62  33  33        
PG     1  91   0   0   0  33  51  31  12  21  21  21  23  61  33  23  33        
PG    -1  91   0   0   0   0  22  52  21  21  21  21  32  32  31  22  62        
PG    -3  91   0   0   0   0  22  52  51  12  21  21  22  21  32  22  63        
PG    -5  91   0   0   0   0   0  33  51  51  21  42  22  21  22  22  62        
PG    -7  91   0   0   0   0   0   0   0  32  42  42  42  33  22  22  33        
PG    -9  91   0   0   0   0   0   0   0   0   0   0  33  23  22  22  33        
PG   -11  91   0   0   0   0   0   0   0  22   0   0   0   0   0   0   0        
PG   -13  91   0   0   0   0   0   0   0   0   0   0   0   0   0   0   0        
PG   -15  91   0   0   0   0   0   0   0   0   0   0   0   0   0   0   0        
PG   -17  91   0   0   0   0   0   0   0   0   0   0   0   0   0   0   0        
PG   -19  91   0   0   0   0   0   0   0   0   0   0   0   0  12  12  12        
PG   -21  91   0   0   0   0   0   0   0   0   0   0   0  12  22  22  22        
PG   -23  91   0   0   0   0   0   0   0   0   0   0   0  12  22  32  22        
PG   -25  91   0   0   0   0   0   0   0   0   0   0   0  12  22  32  22        
PG   -27  91   0   0   0   0   0   0   0   0   0   0   0  12  22  22  22        
PG   -29  91   0   0   0   0   0   0   0   0   0   0   0  12  22  22  22        
PG   -31  91   0   0   0   0   0   0   0   0   0   0   0   0  22  22  22        
PG   -33  91   0   0   0   0   0   0   0   0   0   0   0   0  33  22  22        
PG   -35  91   0   0   0   0   0   0   0   0   0   0   0   0  22  22  22        
PG   -37  91   0   0   0   0   0   0   0   0   0   0   0   0   0   0   0        
PG   -39  91   0   0   0   0   0   0   0   0   0   0   0   0   0   0   0        
PG   -41  91   0   0   0   0   0   0   0   0   0   0   0   0   0   0   0        
PG   -43  91   0   0   0   0   0   0   0   0   0   0   0   0   0   0   0        
PG   -45  91   0   0   0   0   0   0   0   0   0   0   0   0   0   0   0        
PG   -47  91   0   0   0   0   0   0   0   0   0   0   0   0   0   0   0        
PG   -49  91   0   0   0   0   0   0   0   0   0   0   0   0   0   0   0        
PG   -51  91   0   0   0   0   0   0   0   0   0   0   0   0   0   0   0        
PG   -53  91   0   0   0   0   0   0   0   0   0   0   0   0   0   0   0        
PG   -55  91   0   0   0   0   0   0   0   0   0   0   0   0   0   0   0        
PG    83 121   0   0   0   0   0   0   0   0   0   0   0   0   0   0   0        
PG    81 121   0   0   0   0   0   0   0   0   0   0   0   0   0   0   0        
PG    79 121   0   0   0   0  12   0  12  12  12  12  12  12  12  12  12        
PG    77 121  12  22  12  12  12  22  12  12  12  12  12  12  12  12  12        
PG    75 121  12  22  12  12  12  21  12  12  12  12  12  12  12  11  12        
PG    73 121  12  22  11  12  12  22  12  12  12  12  12  12  12  12  12        
PG    71 121  32  32  32  52  12  22  12  12  12  12  12  12  12  12  12        
PG    69 121  31  31  31  42  33  32  33  32  32  32  32  22  23  21  12        
PG    67 121  23  22  22  43  53  32  33  33  32  63  63  63  62  32  23        
PG    65 121  22  12  12  43  63  63  33  33  33  62  62  63  63  63  63        
PG    63 121  22  13  21  21  23  33  62  62  63  62  63  63  53  63  63        
PG    61 121  62  22  32  32  23  22  32  62  52  53  53  53  62  62  62        
PG    59 121  44  33  33  33  31  32  41  33  33  62  62  23  33  22  22        
PG    57 121  43  43  62  43  42  33  51  23  52  33  33  22  33  22  22        
PG    55 121  43  33  33  33  31  62  43  42  52  33  33  22   0   0   0        
PG    53 121  43  42  32  32  23  63  43  54  42  33  33  13  22   0   0        
PG    51 121  32  42  33  32  22  33  33  54  63  33  33  51  22   0   0        
PG    49 121  33  51  33  33  23  33  33  21  52  33  33  51  22   0   0        
PG    47 121  51  32  21  32  32  22  33  52  64  33  33  33  22   0   0        
PG    45 121  33  31  31  33  52  32  33  52  63   0  33  33  22  33  33        
PG    43 121  32  31  32  33  63  33  32  52   0  21  51  51  51  33   0        
PG    41 121  33  33  52  33  33   0   0   0   0  21  51  33   0   0   0        
PG    39 121  22  33  32  33  33   0   0   0   0  43  51  22   0   0   0        
PG    37 121  32  32  32  31  62   0  32  33  53  43  51   0   0   0   0        
PG    35 121  32  32  32  33  33  22  42  33  53  43  33   0   0   0   0        
PG    33 121  12  33  23  33  33  51  62  62  33   0   0   0   0   0   0        
PG    31 121  22  33  23  33  33  33   0   0   0   0   0   0   0   0   0        
PG    29 121  62  33  23  33  33   0   0   0   0   0   0   0   0   0   0        
PG    27 121  33  33  23  33  33   0   0   0   0   0   0   0   0   0   0        
PG    25 121  33  33  23   0   0   0   0   0   0   0   0   0   0   0   0        
PG    23 121  52   0   0   0   0   0   0   0   0   0   0   0   0   0   0        
PG    21 121  33   0   0   0   0   0   0   0   0   0   0   0   0   0   0        
PG    19 121  33  33   0   0   0   0   0   0   0   0   0   0   0   0   0        
PG    17 121  53  33   0   0   0   0   0   0   0   0   0   0   0   0   0        
PG    15 121  51  33  23   0   0   0   0   0   0   0   0   0   0   0   0        
PG    13 121  33  33  23   0   0   0   0   0   0   0   0   0   0   0   0        
PG    11 121  33  33  33   0   0   0   0   0   0   0   0   0   0   0   0        
PG     9 121   0  52  61  33   0   0   0   0   0   0   0   0   0   0   0        
PG     7 121  33  43  62  62   0   0   0   0   0   0   0   0   0   0   0        
PG     5 121  33   0  62  33   0   0   0   0   0   0   0   0   0   0   0        
PG     3 121   0   0  33  33  22   0   0   0   0   0   0   0   0   0   0        
PG     1 121  42  43  43  33  22  33   0   0   0   0   0   0   0   0   0        
PG    -1 121  43  33  33  33  33  33  62  32  32  22   0   0   0  22  33        
PG    -3 121  43  33   0  63  61  33  32  42  42  42  32  33  21  22   0        
PG    -5 121  33  33   0   0   0  22  32  33  42  42  42  42  42  32  32        
PG    -7 121  33   0  33  33  22  22  22  12  33  12  12  52  42  42  32        
PG    -9 121  33  33  43  43  22  22  22  22  12  22  12  22  33  42  42        
PG   -11 121  33  33  33  33  22  22  22  22  22  22  22  22   0  33  32        
PG   -13 121   0  12  12  22  22  22  22  22  22  22  12  22  12   0   0        
PG   -15 121  12  12  22  22  22  22  22  22  22  22  12  22  22   0   0        
PG   -17 121  12  22  22  22  22  22  12  12  22  22  12  22  32  32   0        
PG   -19 121  12  22  22  22  12  12  22  22  22  22  22  22  32  22  22        
PG   -21 121  22  12  12  22  22  22  22  22  22  22  22  22  32  22  32        
PG   -23 121  22  22  12  22  22  22  22  22  32  22  22  22  22  22  32        
PG   -25 121  22  22  12  22  22  22  22  22  22  12  22  22  22  22  22        
PG   -27 121  22  22  12  22  22  22  22  22  22  12  22  22  22  22  22        
PG   -29 121  22  22  22  12  12  22  22  22  22  12  22  22  22  22  22        
PG   -31 121  22  12  22  22  12  12  12  22  22  22  22  22  22  22  22        
PG   -33 121  22  12  22  12  12  12  12  22  22  22  22  12  22  22  22        
PG   -35 121  12  12  12   0   0   0  12  12  22  22  12  22  32  22  22        
PG   -37 121  12  12   0   0   0   0   0   0  22  12  12  22  32  32  32        
PG   -39 121   0   0   0   0   0   0   0   0   0   0  12  22  22  22  22        
PG   -41 121   0   0   0   0   0   0   0   0   0   0   0  22  22  32  32        
PG   -43 121   0   0   0   0   0   0   0   0   0   0   0   0  32  32  32        
PG   -45 121   0   0   0   0   0   0   0   0   0   0   0   0   0  22   0        
PG   -47 121   0   0   0   0   0   0   0   0   0   0   0   0   0   0   0        
PG   -49 121   0   0   0   0   0   0   0   0   0   0   0   0   0   0   0        
PG   -51 121   0   0   0   0   0   0   0   0   0   0   0   0   0   0   0        
PG   -53 121   0   0   0   0   0   0   0   0   0   0   0   0   0   0   0        
PG   -55 121   0   0   0   0   0   0   0   0   0   0   0   0   0   0   0        
PG    83 151   0   0   0   0   0   0   0   0   0   0   0   0   0   0   0        
PG    81 151   0   0   0   0   0   0   0   0   0   0   0   0   0   0   0        
PG    79 151  12  12  12  12  12   0   0   0   0   0   0   0   0   0   0        
PG    77 151  12  12  12  12  12  13  21  21  21  21   0   0   0   0   0        
PG    75 151  12  12  12  12  12  13  21  21  21  21  21  21  21  21  21        
PG    73 151  12  12  12  12  12  13  21  21  21  21  21  21  21  21  21        
PG    71 151  12  12  12  12  12  13  21  33  33  21  21  33  33  33  32        
PG    69 151  22  12  12  12  12  13  42  42  53  31  23  51  62  62  52        
PG    67 151  22  31  32  32  32  23  32  42  43  33  31  62  62  52  52        
PG    65 151  32  33  62  32  62  33  52  53  51  62  23  32  31  22  32        
PG    63 151  63  63  53  63  63  43  53  42  33  33  62  42  52  33  33        
PG    61 151  63  63  63  63  32  52  33  33  41  62  62  62  33   0   0        
PG    59 151  33  33  33  22  12  54  53  33  33  33  33   0   0   0   0        
PG    57 151  33  33  12  22  63  54  53   0   0   0   0   0   0   0   0        
PG    55 151   0   0  12  54  63  54  33  33  32   0   0   0   0   0   0        
PG    53 151   0   0  22  54  63  54   0   0   0   0   0  32   0   0   0        
PG    51 151   0   0  32  64  63   0   0   0   0   0   0   0   0   0   0        
PG    49 151   0  33  33  33   0   0   0   0   0   0   0   0   0   0   0        
PG    47 151  33  33   0   0   0   0   0   0   0   0   0   0   0   0   0        
PG    45 151  33   0   0   0   0   0   0   0   0   0   0   0   0   0   0        
PG    43 151   0   0   0   0   0   0   0   0   0   0   0   0   0   0   0        
PG    41 151   0   0   0   0   0   0   0   0   0   0   0   0   0   0   0        
PG    39 151   0   0   0   0   0   0   0   0   0   0   0   0   0   0   0        
PG    37 151   0   0   0   0   0   0   0   0   0   0   0   0   0   0   0        
PG    35 151   0   0   0   0   0   0   0   0   0   0   0   0   0   0   0        
PG    33 151   0   0   0   0   0   0   0   0   0   0   0   0   0   0   0        
PG    31 151   0   0   0   0   0   0   0   0   0   0   0   0   0   0   0        
PG    29 151   0   0   0   0   0   0   0   0   0   0   0   0   0   0   0        
PG    27 151   0   0   0   0   0   0   0   0   0   0   0   0   0   0   0        
PG    25 151   0   0   0   0   0   0   0   0   0   0   0   0   0   0   0        
PG    23 151   0   0   0   0   0   0   0   0   0   0   0   0   0   0   0        
PG    21 151   0   0   0   0   0   0   0   0   0   0   0   0   0   0   0        
PG    19 151   0   0   0   0   0   0   0   0   0   0   0   0   0   0   0        
PG    17 151   0   0   0   0   0   0   0   0   0   0   0   0   0   0   0        
PG    15 151   0   0   0   0   0   0   0   0   0   0   0   0   0   0   0        
PG    13 151   0   0   0   0   0   0   0   0   0   0   0   0   0   0   0        
PG    11 151   0   0   0   0   0   0   0   0   0   0   0   0   0   0   0        
PG     9 151   0   0   0   0   0   0   0   0   0   0   0   0   0   0   0        
PG     7 151   0   0   0   0   0   0   0   0   0   0   0   0   0   0   0        
PG     5 151   0   0   0   0   0   0   0   0   0   0   0   0   0   0   0        
PG     3 151   0   0   0   0   0   0   0   0   0   0   0   0   0   0   0        
PG     1 151   0   0   0   0   0   0   0   0   0   0   0   0   0   0   0        
PG    -1 151   0   0   0   0   0   0   0   0   0   0   0   0   0   0   0        
PG    -3 151  32  32   0   0   0   0   0   0   0   0   0   0   0   0   0        
PG    -5 151  32  32  32   0   0   0   0   0   0   0   0   0   0   0   0        
PG    -7 151  32   0  32  32  32   0   0   0   0   0   0   0   0   0   0        
PG    -9 151  32  22   0  32  32  32   0   0   0   0   0   0   0   0   0        
PG   -11 151  32  32   0   0   0  32  32  32   0   0   0   0   0   0   0        
PG   -13 151   0   0   0   0   0   0   0   0   0   0   0   0   0   0   0        
PG   -15 151   0   0   0   0   0   0   0   0  32  32   0   0   0   0   0        
PG   -17 151   0   0   0   0   0   0   0   0  32  32   0   0   0  32  32        
PG   -19 151  22   0   0   0   0   0  32  32   0  32   0   0   0  32  32        
PG   -21 151  22  22  22   0   0   0  32  32  32  32   0   0   0   0   0        
PG   -23 151  22  22  22   0   0   0   0   0  32   0   0   0   0   0   0        
PG   -25 151  32  22   0   0   0   0   0   0   0   0   0   0   0   0   0        
PG   -27 151  32  32   0   0   0   0   0   0   0   0   0   0   0   0   0        
PG   -29 151  32  32   0   0   0   0   0   0   0   0   0   0   0   0   0        
PG   -31 151  32  32   0   0  32   0   0   0   0   0   0   0   0   0   0        
PG   -33 151  32  22   0   0   0   0   0   0   0   0   0   0   0   0   0        
PG   -35 151  32   0   0   0   0   0   0   0   0   0   0  22  32   0   0        
PG   -37 151  32   0   0   0   0   0   0   0   0   0   0  22  32  32  32        
PG   -39 151  32   0   0   0   0   0   0   0   0   0   0  22  62  32  32        
PG   -41 151   0   0   0   0   0   0   0   0   0   0  32  32  32  32   0        
PG   -43 151   0   0   0   0   0   0   0   0   0  32  43  42   0   0   0        
PG   -45 151   0   0   0   0   0   0   0   0  43  43  32  32   0   0   0        
PG   -47 151   0   0   0   0   0   0   0   0  22  32  32   0   0   0   0        
PG   -49 151   0   0   0   0   0   0   0   0  22   0   0   0   0   0   0        
PG   -51 151   0   0   0   0   0   0   0   0  22   0   0   0   0   0   0        
PG   -53 151   0   0   0   0   0   0   0   0   0   0   0   0   0   0   0        
PG   -55 151   0   0   0   0  32   0   0   0   0   0   0   0   0   0   0        
PG    83-179   0   0   0   0   0   0   0   0   0   0   0   0   0   0   0        
PG    81-179   0   0   0   0   0   0   0   0   0   0   0   0   0   0   0        
PG    79-179   0   0   0   0   0   0   0   0   0   0   0   0   0   0   0        
PG    77-179   0   0   0   0   0   0   0   0   0   0   0   0   0   0   0        
PG    75-179   0   0   0   0   0   0   0   0   0   0   0   0   0   0   0        
PG    73-179  12  12   0   0   0   0   0   0   0  22  12  12  12  12  12        
PG    71-179  12  12  22  22  22  22  22  12  22  12  12  12  12  12  12        
PG    69-179  33  21  22  22  22  22  22  12  22  63  22  33  22  23  23        
PG    67-179  33  33  23  33  32  22  22  12  12  64  33  63  41  44  44        
PG    65-179  22  33  32  33  32  22  22  22  22  33  62  12  33  33  33        
PG    63-179  22  22  22  22  32  22  22  22  22  22  12  22  22  33  64        
PG    61-179  22  22  22  22  22  22  22  22  22  22  22  22  33  64   0        
PG    59-179   0  22  22  22  22  22  22  22  22  22  22  12   0   0   0        
PG    57-179   0   0   0  22  22  22  22  22  22  33  63  53   0   0  63        
PG    55-179   0   0   0   0   0  22  22  22  22  63  33  33  33   0   0        
PG    53-179   0   0  22  22  22  22  22  22  22   0   0   0   0   0   0        
PG    51-179  33  33  22   0   0   0   0   0   0   0   0   0   0   0   0        
PG    49-179   0   0   0   0   0   0   0   0   0   0   0   0   0   0   0        
PG    47-179   0   0   0   0   0   0   0   0   0   0   0   0   0   0   0        
PG    45-179   0   0   0   0   0   0   0   0   0   0   0   0   0   0   0        
PG    43-179   0   0   0   0   0   0   0   0   0   0   0   0   0   0   0        
PG    41-179   0   0   0   0   0   0   0   0   0   0   0   0   0   0   0        
PG    39-179   0   0   0   0   0   0   0   0   0   0   0   0   0   0   0        
PG    37-179   0   0   0   0   0   0   0   0   0   0   0   0   0   0   0        
PG    35-179   0   0   0   0   0   0   0   0   0   0   0   0   0   0   0        
PG    33-179   0   0   0   0   0   0   0   0   0   0   0   0   0   0   0        
PG    31-179   0   0   0   0   0   0   0   0   0   0   0   0   0   0   0        
PG    29-179   0   0   0   0   0   0   0   0   0   0   0   0   0   0   0        
PG    27-179   0   0   0   0   0   0   0   0   0   0   0   0   0   0   0        
PG    25-179   0   0   0   0   0   0   0   0   0   0   0   0   0   0   0        
PG    23-179   0   0   0   0   0   0   0   0   0   0  33   0   0   0   0        
PG    21-179   0   0   0   0   0   0   0   0   0   0  33  33  33   0   0        
PG    19-179   0   0   0   0   0   0   0   0   0   0   0   0  33   0   0        
PG    17-179   0   0   0   0   0   0   0   0   0   0   0   0   0   0   0        
PG    15-179   0   0   0   0   0   0   0   0   0   0   0   0   0   0   0        
PG    13-179   0   0   0   0   0   0   0   0   0   0   0   0   0   0   0        
PG    11-179   0   0   0   0   0   0   0   0   0   0   0   0   0   0   0        
PG     9-179   0   0   0   0   0   0   0   0   0   0   0   0   0   0   0        
PG     7-179   0   0   0   0   0   0   0   0   0   0   0   0   0   0   0        
PG     5-179   0   0   0   0   0   0   0   0   0   0   0   0   0   0   0        
PG     3-179   0   0   0   0   0   0   0   0   0   0   0   0   0   0   0        
PG     1-179   0   0   0   0   0   0   0   0   0   0   0   0   0   0   0        
PG    -1-179   0   0   0   0   0   0   0   0   0   0   0   0   0   0   0        
PG    -3-179   0   0   0   0   0   0   0   0   0   0   0   0   0   0   0        
PG    -5-179   0   0   0   0   0   0   0   0   0   0   0   0   0   0   0        
PG    -7-179   0   0   0   0   0   0   0   0   0   0   0   0   0   0   0        
PG    -9-179   0   0   0   0   0   0   0   0   0   0   0   0   0   0   0        
PG   -11-179   0   0   0   0   0   0   0   0   0   0   0   0   0   0   0        
PG   -13-179   0   0   0  33  33   0   0   0  33   0   0   0   0   0   0        
PG   -15-179   0   0   0   0  33   0   0   0  33   0   0   0   0   0   0        
PG   -17-179  33   0   0   0   0   0   0   0   0   0   0   0   0   0   0        
PG   -19-179   0   0   0   0   0  33   0   0   0  33   0   0   0   0   0        
PG   -21-179   0   0   0   0   0   0   0   0   0   0   0   0   0   0   0        
PG   -23-179   0   0   0   0   0   0   0   0   0   0   0   0   0   0   0        
PG   -25-179   0   0   0   0   0   0   0   0   0   0   0   0   0   0   0        
PG   -27-179   0   0   0   0   0   0   0   0   0   0   0   0   0   0   0        
PG   -29-179   0   0   0   0   0   0   0   0   0   0   0   0   0   0   0        
PG   -31-179   0   0   0   0   0   0   0   0   0   0   0   0   0   0   0        
PG   -33-179   0   0   0   0   0   0   0   0   0   0   0   0   0   0   0        
PG   -35-179   0   0   0   0   0   0   0   0   0   0   0   0   0   0   0        
PG   -37-179   0   0   0   0   0   0   0   0   0   0   0   0   0   0   0        
PG   -39-179   0   0   0   0   0   0   0   0   0   0   0   0   0   0   0        
PG   -41-179   0   0   0   0   0   0   0   0   0   0   0   0   0   0   0        
PG   -43-179   0  33   0   0   0   0   0   0   0   0   0   0   0   0   0        
PG   -45-179   0  33   0   0   0   0   0   0   0   0   0   0   0   0   0        
PG   -47-179   0   0   0   0   0   0   0   0   0   0   0   0   0   0   0        
PG   -49-179   0   0   0   0   0   0   0   0   0   0   0   0   0   0   0        
PG   -51-179   0   0   0   0   0   0   0   0   0   0   0   0   0   0   0        
PG   -53-179   0   0   0   0   0   0   0   0   0   0   0   0   0   0   0        
PG   -55-179   0   0   0   0   0   0   0   0   0   0   0   0   0   0   0        
PG    83-149   0   0   0   0   0   0   0   0   0   0   0   0   0   0   0        
PG    81-149   0   0   0   0   0   0   0   0   0   0   0   0   0   0   0        
PG    79-149   0   0   0   0   0   0   0   0   0   0   0  22  22  22  22        
PG    77-149   0   0   0   0   0   0   0   0   0   0   0  22  22  32  32        
PG    75-149   0   0   0   0   0   0   0   0   0   0  22  22  22  22  22        
PG    73-149  12  12  12   0   0   0   0   0   0   0  22  22  22  22  22        
PG    71-149  12  12  12   0   0   0   0   0   0  22  22   0  22  22  22        
PG    69-149  44  44  44  44  63  22  53  22  22  22  22   0   0   0   0        
PG    67-149  44  22  22  22  22  22  33  22  22   0   0   0   0   0   0        
PG    65-149  33  33  33  33  64  43  43  43  43  43  43  32   0   0   0        
PG    63-149  64  44  44  33  22  33  33  43  43   0  63  63  32   0   0        
PG    61-149   0   0  64   0  44  64  64   0   0   0   0   0   0   0   0        
PG    59-149  64  33  33  33  21  64   0   0   0   0   0   0   0   0   0        
PG    57-149   0   0   0   0   0   0  63  63   0   0   0   0   0   0   0        
PG    55-149   0   0   0   0   0   0   0  63  63   0   0   0   0   0   0        
PG    53-149   0   0   0   0   0   0   0   0  62  63   0   0   0   0   0        
PG    51-149   0   0   0   0   0   0   0   0   0  63  43  53   0   0   0        
PG    49-149   0   0   0   0   0   0   0   0   0   0   0  32  63  63  63        
PG    47-149   0   0   0   0   0   0   0   0   0   0   0   0  32  32  52        
PG    45-149   0   0   0   0   0   0   0   0   0   0   0   0  32  52  33        
PG    43-149   0   0   0   0   0   0   0   0   0   0   0   0  33  33  32        
PG    41-149   0   0   0   0   0   0   0   0   0   0   0   0  33  52  52        
PG    39-149   0   0   0   0   0   0   0   0   0   0   0   0   0  32  52        
PG    37-149   0   0   0   0   0   0   0   0   0   0   0   0   0  32  32        
PG    35-149   0   0   0   0   0   0   0   0   0   0   0   0   0   0  33        
PG    33-149   0   0   0   0   0   0   0   0   0   0   0   0   0   0   0        
PG    31-149   0   0   0   0   0   0   0   0   0   0   0   0   0   0   0        
PG    29-149   0   0   0   0   0   0   0   0   0   0   0   0   0   0   0        
PG    27-149   0   0   0   0   0   0   0   0   0   0   0   0   0   0   0        
PG    25-149   0   0   0   0   0   0   0   0   0   0   0   0   0   0   0        
PG    23-149   0   0   0   0   0   0   0   0   0   0   0   0   0   0   0        
PG    21-149   0   0   0   0   0   0   0   0   0   0   0   0   0   0   0        
PG    19-149   0   0   0   0   0   0   0   0   0   0   0   0   0   0   0        
PG    17-149   0   0   0   0   0   0   0   0   0   0   0   0   0   0   0        
PG    15-149   0   0   0   0   0   0   0   0   0   0   0   0   0   0   0        
PG    13-149   0   0   0   0   0   0   0   0   0   0   0   0   0   0   0        
PG    11-149   0   0   0   0   0   0   0   0   0   0   0   0   0   0   0        
PG     9-149   0   0   0   0   0   0   0   0   0   0   0   0   0   0   0        
PG     7-149   0   0   0   0   0   0   0   0   0   0   0   0   0   0   0        
PG     5-149   0   0   0   0   0   0   0   0   0   0   0   0   0   0   0        
PG     3-149   0   0   0   0   0   0   0   0   0   0   0   0   0   0   0        
PG     1-149   0   0   0   0   0   0   0   0   0   0   0   0   0   0   0        
PG    -1-149   0   0   0   0   0   0   0   0   0   0   0   0   0   0   0        
PG    -3-149   0   0   0   0   0   0   0   0   0   0   0   0   0   0   0        
PG    -5-149   0   0   0   0   0   0   0   0   0   0   0   0   0   0   0        
PG    -7-149   0   0   0   0   0   0   0   0   0   0   0   0   0   0   0        
PG    -9-149   0   0   0   0   0   0   0   0   0   0   0   0   0   0   0        
PG   -11-149   0   0   0   0   0   0   0   0   0   0   0   0   0   0   0        
PG   -13-149   0   0   0   0   0   0   0   0   0   0   0   0   0   0   0        
PG   -15-149   0   0   0  33   0   0   0   0   0   0   0   0   0   0   0        
PG   -17-149   0   0   0  33  33   0   0   0   0   0   0   0   0   0   0        
PG   -19-149   0   0   0   0  33  33  33   0   0   0   0   0   0   0   0        
PG   -21-149   0   0   0   0   0  33  33   0   0   0   0   0   0   0   0        
PG   -23-149   0   0   0   0   0   0   0  33   0   0   0   0   0   0   0        
PG   -25-149   0   0   0   0   0   0   0   0   0   0   0   0   0   0   0        
PG   -27-149   0   0   0   0   0   0   0   0   0   0   0   0   0   0   0        
PG   -29-149   0   0   0   0   0   0   0   0   0   0   0   0   0   0   0        
PG   -31-149   0   0   0   0   0   0   0   0   0   0   0   0   0   0   0        
PG   -33-149   0   0   0   0   0   0   0   0   0   0   0   0   0   0   0        
PG   -35-149   0   0   0   0   0   0   0   0   0   0   0   0   0   0   0        
PG   -37-149   0   0   0   0   0   0   0   0   0   0   0   0   0   0   0        
PG   -39-149   0   0   0   0   0   0   0   0   0   0   0   0   0   0   0        
PG   -41-149   0   0   0   0   0   0   0   0   0   0   0   0   0   0   0        
PG   -43-149   0   0   0   0   0   0   0   0   0   0   0   0   0   0   0        
PG   -45-149   0   0   0   0   0   0   0   0   0   0   0   0   0   0   0        
PG   -47-149   0   0   0   0   0   0   0   0   0   0   0   0   0   0   0        
PG   -49-149   0   0   0   0   0   0   0   0   0   0   0   0   0   0   0        
PG   -51-149   0   0   0   0   0   0   0   0   0   0   0   0   0   0   0        
PG   -53-149   0   0   0   0   0   0   0   0   0   0   0   0   0   0   0        
PG   -55-149   0   0   0   0   0   0   0   0   0   0   0   0   0   0   0        
PG    83-119   0   0   0   0   0   0   0   0   0   0   0   0   0   0   0        
PG    81-119   0   0   0   0   0   0   0   0   0   0   0   0   0   0   0        
PG    79-119  22  22  22  32  22  22  22   0   0   0   0   0   0   0   0        
PG    77-119   0   0   0   0   0   0   0   0   0   0   0   0   0   0   0        
PG    75-119  22   0   0   0   0   0   0   0   0   0   0   0   0   0   0        
PG    73-119  22  22   0   0   0   0   0   0   0   0   0   0   0   0   0        
PG    71-119   0   0   0   0   0   0   0   0   0   0   0   0   0   0   0        
PG    69-119   0   0   0   0   0   0   0   0   0   0   0   0   0   0   0        
PG    67-119   0   0   0   0   0   0   0   0   0   0   0   0   0   0   0        
PG    65-119   0   0   0   0   0   0   0   0   0   0   0   0   0   0   0        
PG    63-119   0   0   0   0   0   0   0   0   0   0   0   0   0   0   0        
PG    61-119   0   0   0   0   0   0   0   0   0   0   0   0   0   0   0        
PG    59-119   0   0   0   0   0   0   0   0   0   0   0   0   0   0   0        
PG    57-119   0   0   0   0   0   0   0   0   0   0   0   0   0   0   0        
PG    55-119   0   0   0   0   0   0   0   0   0   0   0   0   0   0   0        
PG    53-119   0   0   0   0   0   0   0   0   0   0   0   0   0   0   0        
PG    51-119   0   0   0   0   0   0   0   0   0   0   0   0   0   0   0        
PG    49-119   0   0   0  53   0  32   0   0   0   0   0   0   0   0   0        
PG    47-119  22  32  62  52  22  32  21  22  21   0   0   0   0   0   0        
PG    45-119  32  33  63  52  53  52  22  22  22  21   0   0   0  22  22        
PG    43-119  32  32  32  32  52  53  33  32  32  21  21  21  22  22  22        
PG    41-119  22  33  52  12  62  42  32  52  22  21  21  21  22  22  22        
PG    39-119  52  52  52  51  52  62  52  53  22  21  21  21  22  21  23        
PG    37-119  53  33  33  32  32  33  63  52  23  21  21  21  22  22  23        
PG    35-119  52  32  32  32  33  32  31  32  23  21  21  21  23  32  22        
PG    33-119  33  33  32  23  53  52  33  22  22  22  22  22  22  22  22        
PG    31-119   0  52  52  23  52  52  33  32  32  22  22  22  22  22  22        
PG    29-119   0   0  32  32  33  52  52  33  32  22  22  21  22  22  22        
PG    27-119   0   0  23  32  32  33  53  52  52  32  22  21  22  22   0        
PG    25-119   0   0   0  32  33  22  53  53  52  62  32  22   0   0   0        
PG    23-119   0   0   0   0  22  33  23  52  52  62  52  32   0  22  22        
PG    21-119   0   0   0   0   0   0  22  33  33  63  63  53   0  22  22        
PG    19-119   0   0   0   0   0   0   0  33  62  62  53  53  23  22  22        
PG    17-119   0   0   0   0   0   0   0   0  33  63  62  33  62  52  32        
PG    15-119   0   0   0   0   0   0   0   0   0  62   0  33  62  52  53        
PG    13-119   0   0   0   0   0   0   0   0   0   0   0   0   0  52   0        
PG    11-119   0   0   0   0   0   0   0   0   0   0   0   0   0   0   0        
PG     9-119   0   0   0   0   0   0   0   0   0   0   0   0   0   0   0        
PG     7-119   0   0   0   0   0   0   0   0   0   0   0   0   0   0   0        
PG     5-119   0   0   0   0   0   0   0   0   0   0   0   0   0   0   0        
PG     3-119   0   0   0   0   0   0   0   0   0   0   0   0   0   0   0        
PG     1-119   0   0   0   0   0   0   0   0   0   0   0   0   0   0   0        
PG    -1-119   0   0   0   0   0   0   0   0   0   0   0   0   0   0   0        
PG    -3-119   0   0   0   0   0   0   0   0   0   0   0   0   0   0   0        
PG    -5-119   0   0   0   0   0   0   0   0   0   0   0   0   0   0   0        
PG    -7-119   0   0   0   0   0   0   0   0   0   0   0   0   0   0   0        
PG    -9-119   0   0   0   0   0   0   0   0   0   0   0   0   0   0   0        
PG   -11-119   0   0   0   0   0   0   0   0   0   0   0   0   0   0   0        
PG   -13-119   0   0   0   0   0   0   0   0   0   0   0   0   0   0   0        
PG   -15-119   0   0   0   0   0   0   0   0   0   0   0   0   0   0   0        
PG   -17-119   0   0   0   0   0   0   0   0   0   0   0   0   0   0   0        
PG   -19-119   0   0   0   0   0   0   0   0   0   0   0   0   0   0   0        
PG   -21-119   0   0   0   0   0   0   0   0   0   0   0   0   0   0   0        
PG   -23-119   0   0   0   0   0   0   0   0   0   0   0   0   0   0   0        
PG   -25-119   0   0   0   0   0   0   0   0   0   0   0   0   0   0   0        
PG   -27-119   0   0   0   0   0   0   0   0   0   0   0   0   0   0   0        
PG   -29-119   0   0   0   0   0   0   0   0   0   0   0   0   0   0   0        
PG   -31-119   0   0   0   0   0   0   0   0   0   0   0   0   0   0   0        
PG   -33-119   0   0   0   0   0   0   0   0   0   0   0   0   0   0   0        
PG   -35-119   0   0   0   0   0   0   0   0   0   0   0   0   0   0   0        
PG   -37-119   0   0   0   0   0   0   0   0   0   0   0   0   0   0   0        
PG   -39-119   0   0   0   0   0   0   0   0   0   0   0   0   0   0   0        
PG   -41-119   0   0   0   0   0   0   0   0   0   0   0   0   0   0   0        
PG   -43-119   0   0   0   0   0   0   0   0   0   0   0   0   0   0   0        
PG   -45-119   0   0   0   0   0   0   0   0   0   0   0   0   0   0   0        
PG   -47-119   0   0   0   0   0   0   0   0   0   0   0   0   0   0   0        
PG   -49-119   0   0   0   0   0   0   0   0   0   0   0   0   0   0   0        
PG   -51-119   0   0   0   0   0   0   0   0   0   0   0   0   0   0   0        
PG   -53-119   0   0   0   0   0   0   0   0   0   0   0   0   0   0   0        
PG   -55-119   0   0   0   0   0   0   0   0   0   0   0   0   0   0   0        
PG    83 -89   0   0   0   0   0   0   0   0   0   0   0   0   0   0   0        
PG    81 -89   0   0   0   0   0   0   0   0   0   0   0   0   0   0   0        
PG    79 -89   0   0   0   0   0   0   0   0   0   0   0   0   0   0   0        
PG    77 -89   0   0   0   0   0   0   0   0   0  33   0   0   0   0   0        
PG    75 -89   0   0   0   0  12  32  22  22  22  33  22  22  22   0   0        
PG    73 -89   0   0   0   0  22  33   0  22  22  33  22  22   0   0  22        
PG    71 -89   0   0   0   0   0   0   0   0   0   0  22  22  22   0  22        
PG    69 -89   0   0   0   0   0   0   0   0   0   0   0   0  22  22  22        
PG    67 -89   0   0   0   0   0   0   0   0   0   0   0   0   0   0  32        
PG    65 -89   0   0   0   0   0   0   0   0   0   0   0   0   0   0  22        
PG    63 -89   0   0   0   0   0   0   0   0   0   0   0   0   0  22  22        
PG    61 -89   0   0   0   0   0   0   0   0   0   0   0   0   0  22   0        
PG    59 -89   0   0   0   0   0   0   0   0   0   0   0   0   0   0  22        
PG    57 -89   0   0   0   0   0   0   0   0   0   0   0   0   0   0   0        
PG    55 -89   0   0   0   0   0   0   0   0   0   0   0   0   0   0   0        
PG    53 -89   0   0   0   0   0   0   0   0   0   0   0   0   0   0   0        
PG    51 -89   0   0   0   0   0   0   0   0   0   0   0   0   0   0   0        
PG    49 -89   0   0   0   0   0   0   0   0   0   0   0   0   0   0   0        
PG    47 -89   0   0   0   0   0   0   0   0   0   0   0   0   0   0   0        
PG    45 -89  22   0   0   0   0   0   0   0   0   0   0   0   0  22  22        
PG    43 -89  22   0   0   0   0  22  22   0   0   0   0  22  22  22  22        
PG    41 -89  23   0   0  23  32  23  33  33  23  22  22  22   0   0   0        
PG    39 -89  23  23  23  32  32  52  32  22  22   0   0   0   0   0   0        
PG    37 -89  23  23  23  52  62  33  22  21   0   0   0   0   0   0   0        
PG    35 -89  23  32  33  52  32  23  22  22   0   0   0   0   0   0   0        
PG    33 -89  22  22  23  13  21  22  22   0   0   0   0   0   0   0   0        
PG    31 -89  22  22  22  13  11  22   0   0   0   0   0   0   0   0   0        
PG    29 -89  22  22  22  11  11  22   0   0   0   0   0   0   0   0   0        
PG    27 -89   0   0  22  11  11  22  22   0   0   0   0   0   0   0   0        
PG    25 -89  22  22  22  22  23  22  23  32   0   0   0   0   0   0   0        
PG    23 -89  22  22  22  22  23  23  23  32  22   0   0   0   0   0   0        
PG    21 -89  22  22  22  22  32  22  23  32  22  33  32   0   0   0   0        
PG    19 -89  22  22   0   0   0  32  32  32  22  22  32  33  22  22   0        
PG    17 -89  32  22  32  22  32   0  22   0   0  22   0   0   0  22  22        
PG    15 -89  53  53  32  22  32   0   0   0   0   0   0   0   0   0  22        
PG    13 -89  53  53  33  22   0   0   0   0  33  23  23   0   0   0  22        
PG    11 -89   0  33  33  22   0   0   0  32  52  33  62  62  62  62  32        
PG     9 -89   0   0  53  53  42  42  32  23  52  53  22  22  22  32  12        
PG     7 -89   0   0   0  33  43  33  52  53  53  32  12  12  32  32  32        
PG     5 -89   0   0   0   0   0   0  52  53  53  31  12  62  62  62  62        
PG     3 -89   0   0   0   0   0  21  53  53  32  22  12  32  62  62  32        
PG     1 -89   0   0   0   0  32  52  53  33  23  22  12  22  32  32  22        
PG    -1 -89   0   0   0   0  32  53  32  31  12  12  12  12  12  12  12        
PG    -3 -89   0   0   0   0  32  53  22  22  12  12  12  12  12  12  12        
PG    -5 -89   0   0   0   0  33  53  33  22  21  12  12  12  12  12  12        
PG    -7 -89   0   0   0   0  32  53  52  32  32  21  12  12  12  12  12        
PG    -9 -89   0   0   0   0  32  53  53  52  32  21  12  12  12  12  12        
PG   -11 -89   0   0   0   0   0  53  53  53  33  21  12  12  12  22  22        
PG   -13 -89   0   0   0   0   0   0  42  53  63  63  22  22  22  22  22        
PG   -15 -89   0   0   0   0   0   0  33  53  53  43  43  22  22  22  22        
PG   -17 -89   0   0   0   0   0   0   0  33  33  13  62  32  22  22  12        
PG   -19 -89   0   0   0   0   0   0   0   0  33  22  53  63  63  22  12        
PG   -21 -89   0   0   0   0   0   0   0   0  33  32  53  53  53  22  12        
PG   -23 -89   0   0   0   0   0   0   0   0  33  32  53  53  32  22  12        
PG   -25 -89   0   0   0   0   0   0   0   0  33  32  53  53  22  12  12        
PG   -27 -89   0   0   0   0   0   0   0   0  33  53  53  53  22  12  12        
PG   -29 -89   0   0   0   0   0   0   0   0  33  53  53  22  12  12  12        
PG   -31 -89   0   0   0   0   0   0   0   0  33  53  32  12  62  12  12        
PG   -33 -89   0   0   0   0   0   0   0   0  33  52  52  12  62  12  12        
PG   -35 -89   0   0   0   0   0   0   0   0  32  53  53  12  12  12  12        
PG   -37 -89   0   0   0   0   0   0   0   0  53  53  52  12  12  12  22        
PG   -39 -89   0   0   0   0   0   0   0  32  53  53  32  22  12  12  62        
PG   -41 -89   0   0   0   0   0   0   0  32  53  53  32  32  22  12  33        
PG   -43 -89   0   0   0   0   0   0   0  32  53  53  32  32  22  12  22        
PG   -45 -89   0   0   0   0   0   0   0  32  53  53  32  22  12  12  22        
PG   -47 -89   0   0   0   0   0   0   0  63  53  32  32  22  12  12  22        
PG   -49 -89   0   0   0   0   0   0   0  33  53  32  32  13  22  12  22        
PG   -51 -89   0   0   0   0   0   0   0  32  53  32  12  12  22  12  22        
PG   -53 -89   0   0   0   0   0   0   0  32  42  43  32  12  33   0  22        
PG   -55 -89   0   0   0   0   0   0   0   0  32  43  43  43  43  12   0        
PG    83 -59   0   0   0   0   0   0   0   0   0   0   0   0   0   0   0        
PG    81 -59   0   0   0   0   0   0   0   0   0   0   0   0   0   0   0        
PG    79 -59   0   0   0   0   0   0   0   0   0   0   0   0   0   0   0        
PG    77 -59   0   0   0   0   0   0   0   0   0   0   0   0   0   0   0        
PG    75 -59   0   0   0   0   0   0   0   0   0   0   0   0   0   0   0        
PG    73 -59  22   0   0   0   0   0   0   0   0   0   0   0   0   0   0        
PG    71 -59  22  21   0   0   0   0   0   0   0   0   0   0   0   0   0        
PG    69 -59  22  21   0   0   0   0   0   0   0   0   0   0   0   0   0        
PG    67 -59  22  21   0   0   0   0   0   0   0   0   0   0   0   0   0        
PG    65 -59  22  21  33   0   0   0   0   0   0   0   0   0  22  22  32        
PG    63 -59   0   0   0  33  62   0   0   0   0  22   0   0   0   0   0        
PG    61 -59   0   0   0   0  33  62  22   0   0   0   0   0   0   0   0        
PG    59 -59   0   0   0   0   0   0   0  22  22   0   0   0   0   0   0        
PG    57 -59   0   0   0   0   0   0   0   0   0   0   0   0   0   0   0        
PG    55 -59   0   0   0   0   0   0   0   0   0   0   0   0   0   0   0        
PG    53 -59   0   0   0   0   0   0   0   0   0   0   0   0   0   0   0        
PG    51 -59   0   0   0   0   0   0   0   0   0   0   0   0   0   0   0        
PG    49 -59   0   0   0  22  22   0   0   0   0   0   0   0   0   0   0        
PG    47 -59   0   0   0  22  22  22   0   0   0   0   0   0   0   0   0        
PG    45 -59  22  22  22  22  22  22   0   0   0   0   0   0   0   0   0        
PG    43 -59  22   0   0  22  22  22   0   0   0   0   0   0   0   0   0        
PG    41 -59   0   0   0   0   0   0   0   0   0   0   0   0   0   0   0        
PG    39 -59   0   0   0   0   0   0   0   0   0   0   0   0   0   0   0        
PG    37 -59   0   0   0   0   0   0   0   0   0   0   0   0   0   0   0        
PG    35 -59   0   0   0   0   0   0   0   0   0   0   0   0   0   0   0        
PG    33 -59   0   0   0   0   0   0   0   0   0   0   0   0   0   0   0        
PG    31 -59   0   0   0   0   0   0   0   0   0   0   0   0   0   0   0        
PG    29 -59   0   0   0   0   0   0   0   0   0   0   0   0   0   0   0        
PG    27 -59   0   0   0   0   0   0   0   0   0   0   0   0   0   0   0        
PG    25 -59   0   0   0   0   0   0   0   0   0   0   0   0   0   0   0        
PG    23 -59   0   0   0   0   0   0   0   0   0   0   0   0   0   0   0        
PG    21 -59   0   0   0   0   0   0   0   0   0   0   0   0   0   0   0        
PG    19 -59   0   0   0   0   0   0   0   0   0   0   0   0   0   0   0        
PG    17 -59   0   0   0   0   0   0   0   0   0   0   0   0   0   0   0        
PG    15 -59   0   0   0   0   0   0   0   0   0   0   0   0   0   0   0        
PG    13 -59  22   0   0   0   0   0   0   0   0   0   0   0   0   0   0        
PG    11 -59   0   0   0   0   0   0   0   0   0   0   0   0   0   0   0        
PG     9 -59  12  22   0   0   0   0   0   0   0   0   0   0   0   0   0        
PG     7 -59  22  22  22  12   0   0   0   0   0   0   0   0   0   0   0        
PG     5 -59  32  22  22  12  12  12   0   0   0   0   0   0   0   0   0        
PG     3 -59  22  62  32  12  12  12  21   0   0   0   0   0   0   0   0        
PG     1 -59  22  22  22  12  12  12  21  21   0   0   0   0   0   0   0        
PG    -1 -59  12  12  12  12  12  12  12  12  12   0   0   0   0   0   0        
PG    -3 -59  12  12  12  12  12  21  21  12  12  32  32  32   0   0   0        
PG    -5 -59  12  12  12  12  22  22  22  12  12  32  32  32  32   0   0        
PG    -7 -59  12  12  12  12  22  21  22  22  22  32  32  32  22   0   0        
PG    -9 -59  12  22  22  22  22  22  22  22  52  32  32  32  32   0   0        
PG   -11 -59  22  22  21  22  22  22  32  32  32  32  32  32   0   0   0        
PG   -13 -59  32  22  22  22  22  22  32  32  32  62  32  32   0   0   0        
PG   -15 -59  22  22  22  22  22  22  62  32  32  32  32   0   0   0   0        
PG   -17 -59  12  12  22  22  32  32  32  32  32  32  32  32   0   0   0        
PG   -19 -59  12  12  22  22  22  22  32  22  32  32  22  32   0   0   0        
PG   -21 -59  12  12  32  22  22  22  32  32  32  62  22  32   0   0   0        
PG   -23 -59  12  12  32  12  22  32  62  62  62  62   0   0   0   0   0        
PG   -25 -59  12  12  22  32  32  62  62  33  33   0   0   0   0   0   0        
PG   -27 -59  12  12  22  32  32  62  32   0   0   0   0   0   0   0   0        
PG   -29 -59  12  12  32  32  62  62  32   0   0   0   0   0   0   0   0        
PG   -31 -59  12  12  22  22  22  33   0   0   0   0   0   0   0   0   0        
PG   -33 -59  12  12  12  12  22   0   0   0   0   0   0   0   0   0   0        
PG   -35 -59  12  12  12  12  22   0   0   0   0   0   0   0   0   0   0        
PG   -37 -59  12  12  12  21   0   0   0   0   0   0   0   0   0   0   0        
PG   -39 -59  22  22  12   0   0   0   0   0   0   0   0   0   0   0   0        
PG   -41 -59  22  22   0   0   0   0   0   0   0   0   0   0   0   0   0        
PG   -43 -59  22   0   0   0   0   0   0   0   0   0   0   0   0   0   0        
PG   -45 -59  22   0   0   0   0   0   0   0   0   0   0   0   0   0   0        
PG   -47 -59   0   0   0   0   0   0   0   0   0   0   0   0   0   0   0        
PG   -49 -59  22   0   0   0   0   0   0   0   0   0   0   0   0   0   0        
PG   -51 -59  22  33   0   0   0   0   0   0   0   0   0   0   0   0   0        
PG   -53 -59   0   0   0   0   0   0   0   0   0   0   0   0   0   0   0        
PG   -55 -59   0   0   0   0   0   0   0   0   0   0   0   0   0   0   0        
PG    83 -29   0   0   0   0   0   0   0   0   0   0   0   0   0   0   0        
PG    81 -29   0   0   0   0   0   0   0   0   0   0   0   0   0   0   0        
PG    79 -29   0   0   0   0   0   0   0   0   0   0  32  33   0   0   0        
PG    77 -29   0   0   0   0   0   0   0   0  32  32  32   0   0   0   0        
PG    75 -29   0   0   0   0   0   0  12  32  32   0   0   0   0   0   0        
PG    73 -29   0   0   0   0   0  32  22   0   0   0   0   0   0   0   0        
PG    71 -29   0   0   0   0   0  32   0   0   0   0   0   0   0   0   0        
PG    69 -29   0   0  32  62  22  32   0   0   0   0   0   0   0   0   0        
PG    67 -29  32  32  32  32  12  32  32  32  32  32   0   0   0   0   0        
PG    65 -29  22  32   0   0   0   0   0   0  32  32   0   0   0   0   0        
PG    63 -29   0   0  32  32  22  32  22  32   0   0  22  22  22   0   0        
PG    61 -29   0   0   0   0   0   0   0   0   0   0   0  22  22  22   0        
PG    59 -29   0   0   0   0   0   0   0   0   0   0  22  22   0   0   0        
PG    57 -29   0   0   0   0   0   0   0   0   0   0   0   0   0   0   0        
PG    55 -29   0   0   0   0   0   0   0   0   0  22   0   0   0   0   0        
PG    53 -29   0   0   0   0   0   0   0   0   0  22  22  31  22  33  32        
PG    51 -29   0   0   0   0   0   0   0   0   0  22  32  22  22  32  31        
PG    49 -29   0   0   0   0   0   0   0   0   0  22  22  22  22  22  31        
PG    47 -29   0   0   0   0   0   0   0   0   0   0   0  22  22  22  22        
PG    45 -29   0   0   0   0   0   0   0   0   0   0   0   0   0  22  22        
PG    43 -29   0   0   0   0   0   0   0   0   0   0  23  33  32  22  33        
PG    41 -29   0   0   0   0   0   0   0   0   0   0  23  32  33  22  32        
PG    39 -29   0   0   0   0   0   0   0   0   0   0  22  23  22  22  31        
PG    37 -29   0   0   0   0   0   0   0   0   0   0  22  22  31  33  22        
PG    35 -29   0   0   0   0   0   0   0   0   0   0   0  22  42  32  22        
PG    33 -29   0   0   0   0   0   0   0   0   0   0  33  32  43  33  23        
PG    31 -29   0   0   0   0   0   0   0   0   0  23  43  43  33  22  21        
PG    29 -29   0   0   0   0   0   0   0  22  12  23  32  22  22  21  21        
PG    27 -29   0   0   0   0   0   0   0  22  22  22  22  21  22  12  12        
PG    25 -29   0   0   0   0   0   0  22  22  21  22  12  12  22  12  12        
PG    23 -29   0   0   0   0   0   0  22  22  21  12  12  12  21  12  12        
PG    21 -29   0   0   0   0   0   0  12  12  21  22  12  12  21  12  12        
PG    19 -29   0   0   0   0   0   0  12  12  21  12  21  12  12  12  12        
PG    17 -29   0   0   0   0   0   0  12  12  21  12  21  12  12  12  12        
PG    15 -29   0   0   0   0   0   0  12  12  12  22  21  12  12  22  12        
PG    13 -29   0   0   0   0   0   0  12  12  22  22  21  12  12  12  12        
PG    11 -29   0   0   0   0   0   0  12  12  32  22  12  12  22  22  21        
PG     9 -29   0   0   0   0   0   0  12  22  12  32  22  22  12  22  22        
PG     7 -29   0   0   0   0   0   0   0  22  12  22  32  22  12  22  21        
PG     5 -29   0   0   0   0   0   0   0   0   0  22  22  22  12  12  22        
PG     3 -29   0   0   0   0   0   0   0   0   0   0   0   0   0   0   0        
PG     1 -29   0   0   0   0   0   0   0   0   0   0   0   0   0   0   0        
PG    -1 -29   0   0   0   0   0   0   0   0   0   0   0   0   0   0   0        
PG    -3 -29   0   0   0   0   0   0   0   0   0   0   0   0   0   0   0        
PG    -5 -29   0   0   0   0   0   0   0   0   0   0   0   0   0   0   0        
PG    -7 -29   0   0   0   0   0   0   0   0   0   0   0   0   0   0   0        
PG    -9 -29   0   0   0   0   0   0   0   0   0   0   0   0   0   0   0        
PG   -11 -29   0   0   0   0   0   0   0   0   0   0   0   0   0   0   0        
PG   -13 -29   0   0   0   0   0   0   0   0   0   0   0   0   0   0   0        
PG   -15 -29   0   0   0   0   0   0   0   0   0   0   0   0   0   0   0        
PG   -17 -29   0   0   0   0   0   0   0   0   0   0   0   0   0   0   0        
PG   -19 -29   0   0   0   0   0   0   0   0   0   0   0   0   0   0   0        
PG   -21 -29   0   0   0   0   0   0   0   0   0   0   0   0   0   0   0        
PG   -23 -29   0   0   0   0   0   0   0   0   0   0   0   0   0   0   0        
PG   -25 -29   0   0   0   0   0   0   0   0   0   0   0   0   0   0   0        
PG   -27 -29   0   0   0   0   0   0   0   0   0   0   0   0   0   0   0        
PG   -29 -29   0   0   0   0   0   0   0   0   0   0   0   0   0   0   0        
PG   -31 -29   0   0   0   0   0   0   0   0   0   0   0   0   0   0   0        
PG   -33 -29   0   0   0   0   0   0   0   0   0   0   0   0   0   0   0        
PG   -35 -29   0   0   0   0   0   0   0   0   0   0   0   0   0   0   0        
PG   -37 -29   0   0   0   0   0   0   0   0   0   0   0   0   0   0   0        
PG   -39 -29   0   0   0   0   0   0   0   0   0   0   0   0   0   0   0        
PG   -41 -29   0   0   0   0   0   0   0   0   0   0   0   0   0   0   0        
PG   -43 -29   0   0   0   0   0   0   0   0   0   0   0   0   0   0   0        
PG   -45 -29   0   0   0   0   0   0   0   0   0   0   0   0   0   0   0        
PG   -47 -29   0   0   0   0   0   0   0   0   0   0   0   0   0   0   0        
PG   -49 -29   0   0   0   0   0   0   0   0   0   0   0   0   0   0   0        
PG   -51 -29   0   0   0   0   0   0   0   0   0   0   0   0   0   0   0        
PG   -53 -29   0   0   0   0   0   0   0   0   0   0   0   0   0   0   0        
PG   -55 -29   0   0   0   0   0   0   0   0   0   0   0   0   0   0   0        
