PI    83   1   0   0   0   0   0   0   0   0   0   0   0   0   0   0   0        
PI    81   1   0   0   0   0   0   0   0   0   0   0   0   0   0   0   0        
PI    79   1   0   0   0   0  75  10   0   0   0   0   0   0   0   0  40        
PI    77   1   0   0   0   0   0  80  45   0   0  15  30  50  55  70   0        
PI    75   1   0   0   0   0   0   0   0  80  90  90   0   0   0   0   0        
PI    73   1   0   0   0   0   0   0   0   0   0   0   0   0   0   0   0        
PI    71   1   0   0   0   0   0   0   0   0  65  55  35  30  25  25  40        
PI    69   1   0   0   0   0   0  75  65  35   0   0   0   0   0   0   0        
PI    67   1   0   0   0  35  15   0   0   0   0   0   0   0   0   0   0        
PI    65   1   0   0  75   0   0   0   0   0   0   0   0   0   0   0   0        
PI    63   1   0   0  20   0   0   0   0   0   0   0   0   0   0   0   0        
PI    61   1   0   0   0   0   0   0   0   0   0   0   0   0   0   0   0        
PI    59   1   0   0   0   0   0   0   0   0   0   0   0   0   0   0   0        
PI    57   1   0   0   0  10  15   0   0   0   0   0   0   0   0   0   0        
PI    55   1   0   0  56  56  28  10   0   0   0   0   0   0   0  11   3        
PI    53   1  55  24  32  32  32  38   0   0   0  10  30  35  28  32  32        
PI    51   1  56  79  79  79  79  79  98  80  75  78  79  79  78  68  32        
PI    49   1  79  79  68  79  79  68  68  79  79  79  79  47  79  79  68        
PI    47   1  79  68  38  59  28  29  27  30  79  79  79  47  38  39  68        
PI    45   1  38  38  38  29  32  37  32  32  32  39  36  47  50  79  21        
PI    43   1  37  32  20  10  12  32  39  39  32  36  38  38  39  33   3        
PI    41   1  29   5   0   0  26   2  14  32  28  28  39  38  30  34  24        
PI    39   1  12  12   2   0  18   0   4   6  14   4  32  28  12  36  39        
PI    37   1  10  16  18  20  26  20  16  26   2   0  10  20  12  22  32        
PI    35   1  50  50  70  39  49  39  20   0   0   0   0   4  10   4   0        
PI    33   1  80  80 100 100 100 100  75  30   0  10  30  75  10   0   0        
PI    31   1 100 100 100 100 100 100 100 100  75  55 100 100  90  70  50        
PI    29   1 100 100 100 100 100 100 100 100 100  99 100 100 100 100 100        
PI    27   1 100 100 100 100 100 100 100 100 100 100 100 100 100 100 100        
PI    25   1 100 100  80  80 100 100 100 100 100 100 100 100 100 100 100        
PI    23   1 100 100  80  80 100 100 100 100 100 100 100 100 100 100 100        
PI    21   1 100 100 100 100 100 100 100 100  80  80 100 100 100 100 100        
PI    19   1 100 100 100 100 100 100 100 100 100  80 100 100 100 100 100        
PI    17   1 100 100 100 100 100 100 100 100 100 100 100 100 100 100 100        
PI    15   1 100 100 100 100 100 100  95  99 100 100 100 100 100 100 100        
PI    13   1  69  69  69  69  70  70  67  66  70  69  59  69  70  69  75        
PI    11   1  69  69  69  60  60  60  60  59  60  59  60  59  59  59  60        
PI     9   1  39  39  39  39  39  39  39  38  38  39  39  49  49  49  57        
PI     7   1  28  22  22  29  29  24  24  33  34  29  39  39  39  39  48        
PI     5   1  21   0  10  19  14  19  19  29  29  29  39  29  29  29  38        
PI     3   1   0   0   0   2   6   9   9  14  19  28  29  29  29  24  29        
PI     1   1   0   0   0   1   5   9   9  14  19  28  29  29  24  19  19        
PI    -1   1   0   0   0   0   9  14  12  23  23  28  29  29  24  19  28        
PI    -3   1   0   0   0   0   5  18  19  29  38  29  29  29  14  19  28        
PI    -5   1   0   0   0   0   0  12  22  38  38  29  29  29  19  24  28        
PI    -7   1   0   0   0   0   0   0  20  39  38  29  34  29  29  29  28        
PI    -9   1   0   0   0   0   0   0  15  39  39  49  29  29  28  27  28        
PI   -11   1   0   0   0   0   0   0  14  39  39  49  49  39  39  38  38        
PI   -13   1   0   0   0   0   0   0  42  59  49  44  39  38  29  29  29        
PI   -15   1   0   0   0   0   0   5  72  59  49  44  39  38  29  29  29        
PI   -17   1   0   0   0   0   0  30  99  59  60  49  39  38  28  29  19        
PI   -19   1   0   0   0   0   0  10  90  70  67  69  58  36  29  29  24        
PI   -21   1   0   0   0   0   0   0  60  89  85  25  75  79  66  47  19        
PI   -23   1   0   0   0   0   0   0  35  99  85  90  76  80  79  59  24        
PI   -25   1   0   0   0   0   0   0   0  85 100  90  79  80  79  54  29        
PI   -27   1   0   0   0   0   0   0   0  60 100  85  80  79  78  49  29        
PI   -29   1   0   0   0   0   0   0   0  36  78  83  73  78  58  49  29        
PI   -31   1   0   0   0   0   0   0   0   0  35  68  67  79  49  49  27        
PI   -33   1   0   0   0   0   0   0   0   0  12  49  68  67  48  34  10        
PI   -35   1   0   0   0   0   0   0   0   0   0  25  48  26  17   4   0        
PI   -37   1   0   0   0   0   0   0   0   0   0   2  30   0   0   0   0        
PI   -39   1   0   0   0   0   0   0   0   0   0   0   0   0   0   0   0        
PI   -41   1   0   0   0   0   0   0   0   0   0   0   0   0   0   0   0        
PI   -43   1   0   0   0   0   0   0   0   0   0   0   0   0   0   0   0        
PI   -45   1   0   0   0   0   0   0   0   0   0   0   0   0   0   0   0        
PI   -47   1   0   0   0   0   0   0   0   0   0   0   0   0   0   0   0        
PI   -49   1   0   0   0   0   0   0   0   0   0   0   0   0   0   0   0        
PI   -51   1   0   0   0   0   0   0   0   0   0   0   0   0   0   0   0        
PI   -53   1   0   0   0   0   0   0   0   0   0   0   0   0   0   0   0        
PI   -55   1   0   0   0   0   0   0   0   0   0   0   0   0   0   0   0        
PI    83  31   0   0   0   0   0   0   0   0   0   0   0   0   0   0   0        
PI    81  31   0   0   0   0   0   0   0   0   0   0   0   0   0   0   0        
PI    79  31   0   0   0   0   0   0   0  56  48  44  44  40  40  46  64        
PI    77  31   0   0   0   0   0   0   0   0   0  64  64  64  64  64  64        
PI    75  31   0   0   0   0   0   0   0   0   0  64  64  64  64  64  64        
PI    73  31   0   0   0   0   0   0   0   0   0  56  56  56  64  64  64        
PI    71  31  50  65  90   0   0   0   0   0   0  48  48  48  56  56  56        
PI    69  31   0   0   0   0   0   0   0 100   0  40  40  32  48  48  32        
PI    67  31   0   0   0   0   0   0   0  90  15  40  32  32  40  40  40        
PI    65  31   0   0   0   0   0   0   0  50  56  40  32  32  40  28  15        
PI    63  31   0   0   0   0   0   0   0  25  48  40  32  24  32  32  10        
PI    61  31   0   0   0   0   0  25  50  90  48  24  24  27  32  32  28        
PI    59  31   0   0   0   0  20  56  56  56  40  24  27  27  32  32  39        
PI    57  31   0   0  50  70  90  60  40  48  45  24  28  29  36  27  28        
PI    55  31   3  38  56  56  56  48  45  48  47  28  39  39  36  28  29        
PI    53  31  32  57  38  48  57  57  49  57  50  23  11  17  35  28  29        
PI    51  31  32  60  60  49  60  60  60  35  14   7   0   0  25  48  39        
PI    49  31  79  60  60  60  60  60  60   5   0   0   0   0  52  59  49        
PI    47  31  63  56  50  35  44  35  38   8   0   0   0   0  17  59  42        
PI    45  31   3  14  17  20  50  50  56  32   2   0  11  13  27  70   7        
PI    43  31   0   0   0   0   5  17  17  38  32   0  14  59  70  70  59        
PI    41  31  18  28  29  17  21  25  45  45  43  22   5  20  55  69  70        
PI    39  31  38  39  36  36  37  46  45  46  45  25   0   8  59  79  79        
PI    37  31  26  34  39  38  50  60  50  48  49  37  17  17  53  62  70        
PI    35  31   0  16  10  50  60  60  58  49  49  50  42  41  17  45  47        
PI    33  31   5   0  35  79  80  80  79  80  78  49  59  40  44  50  71        
PI    31  31  90  60  68 100 100 100 100  89  90  60  69  53  66  50  37        
PI    29  31 100 100  90 100 100 100 100 100 100  60  80  62  62  59  47        
PI    27  31 100 100  25  90 100 100 100 100 100  52  75  80  59  68  47        
PI    25  31 100 100  50  50 100 100 100 100 100  60  60  85  70  45  21        
PI    23  31  99 100  90  15  70 100 100 100 100  70  60  85  75  74  45        
PI    21  31  98 100 100  60  45 100 100 100 100  60  60  85  95  85  39        
PI    19  31  99 100 100  80  20  85  90 100 100  60  60  85  75  55   9        
PI    17  31 100 100  99 100  75  60  90  90 100  60  60  52  18  10   0        
PI    15  31 100  99 100 100  69  72  76  90  90  56  35   6   0   0   0        
PI    13  31  69  79  79  79  68  95  81  49  31   5   0  15   0   0   0        
PI    11  31  60  59  59  59  58  79  76  31  36  60  70   3   0   0   0        
PI     9  31  58  58  29  29  29  49  59  80  90 100  35   0   0   0   0        
PI     7  31  49  58  29  29  29  49  69  80  90  70   0   0   0   0   0        
PI     5  31  39  49  39  59  39  64  89  89  85  27   0   0   0   0   0        
PI     3  31  28  39  49  78  80  69  79  79  40   0   0   0   0   0   0        
PI     1  31  23  29  29  49  90  79  59  64   0   0   0   0   0   0   0        
PI    -1  31  24  18  29  29  79  45   8   0   0   0   0   0   0   0   0        
PI    -3  31  29  29  29  14  49  10   0   0   0   0   0   0   0   0   0        
PI    -5  31  29  29  39  59  24   0   0   0   0   0   0   0   0   0   0        
PI    -7  31  28  29  39  39  22   0   0   0   0   0   0   0   0   0   0        
PI    -9  31  39  29  29  29  25   3   0   0   0   0   0   0   0   0   0        
PI   -11  31  39  39  38  29  29   7   0   0   0   0   0   0   0   0   0        
PI   -13  31  29  24  28  29  29  12   0   0   7  25   0   0   0   0   0        
PI   -15  31  29  24  28  29  29   9   0   7  15  29   4   0   0   0   0        
PI   -17  31  29  29  24  28  15   3  10  29  29  28   4   0   0   0   0        
PI   -19  31  24  24  29  15   0   0   6  29  29  19   0   0   0   0   0        
PI   -21  31  19  24  27   1   0   0  18  39  29   9   0   0   0   0   0        
PI   -23  31  29  24  25   0   0   0  21  59  25   0   0   0   0   0   0        
PI   -25  31  29  24  10   0   0   0  12  54  20   0   0   0   0   0   0        
PI   -27  31  29  13   0   0   0   0   0   6   0   0   0   0   0   0   0        
PI   -29  31  25   5   0   0   0   0   0   0   0   0   0   0   0   0   0        
PI   -31  31  10   0   0   0   0   0   0   0   0   0   0   0   0   0   0        
PI   -33  31   0   0   0   0   0   0   0   0   0   0   0   0   0   0   0        
PI   -35  31   0   0   0   0   0   0   0   0   0   0   0   0   0   0   0        
PI   -37  31   0   0   0   0   0   0   0   0   0   0   0   0   0   0   0        
PI   -39  31   0   0   0   0   0   0   0   0   0   0   0   0   0   0   0        
PI   -41  31   0   0   0   0   0   0   0   0   0   0   0   0   0   0   0        
PI   -43  31   0   0   0   0   0   0   0   0   0   0   0   0   0   0   0        
PI   -45  31   0   0   0   0   0   0   0   0   0   0   0   0   0   0   0        
PI   -47  31   0   0   0   0   0   0   0   0   0   0   0   0   0   0   0        
PI   -49  31   0   0   0   0   0   0   0   0   0   0   0   0   0   0   0        
PI   -51  31   0   0   0   0   0   0   0   0   0   0   0   0   0   0   0        
PI   -53  31   0   0   0   0   0   0   0   0   0   0   0   0   0   0   0        
PI   -55  31   0   0   0   0   0   0   0   0   0   0   0   0   0   0   0        
PI    83  61   0   0   0   0   0   0   0   0   0   0   0   0   0   0   0        
PI    81  61   0   0   0   0   0   0   0   0   0   0   0   0   0   0   0        
PI    79  61  56  64  64  64  64  64  64  64  64  64  98  98  98  98  98        
PI    77  61  64  64  64  64  64  64  64  64  64  64  98  98  98  98  98        
PI    75  61  64  64  64  64  64  64  64  64  64  64  96  98  98  48  28        
PI    73  61  56  64  64  64  64  64  64  64  64  64  95  98  98  23  13        
PI    71  61  48  56  64  64  64  64  64  64  64  64  95  98  98  78  48        
PI    69  61  48  33  35  48  56  56  56  56  48   0   0   0   0   0   0        
PI    67  61  22   0   0  17  48  48  48  48  48  48  56  40   0   0   0        
PI    65  61   2  16  27  45  40  40  40  40  40  40  56  24  28  56  93        
PI    63  61  16  36  40  40  32  32  40  40  40  32  48  16  24  32  68        
PI    61  61  30  36  40  32  32  32  32  32  32  32  40  18  27  27  27        
PI    59  61  36  36  32  24  32  32  32  32  32  32  32  38  27  27  39        
PI    57  61  27  27  36  24  24  24  24  27  29  36  38  38  27  29  49        
PI    55  61  27  28  27  27  24  24  27  27  27  27  28  29  19  39  49        
PI    53  61  28  28  27  28  27  50  28  38  49  48  28  49  19  39  49        
PI    51  61  49  49  27  60  38  69  49  49  69  60  28  49  49  39  42        
PI    49  61  50  48  49  80  50  80  69  80  69  80  49  49  49  49  37        
PI    47  61  27   0  80  80  80  80  80  55  47  39  20  52  41  49  55        
PI    45  61  12  58  80  80  80  80  70  31  35  45  25  48  46  59  65        
PI    43  61  45  80  80  79  80  50  44  58  37  37  51  62  52  59  44        
PI    41  61  69  80  69  69  63  42  42  53  44  50  55  34  13  17  32        
PI    39  61  89  80  70  53  47  37  39  47  49  80  52  41  48  38  38        
PI    37  61  69  70  59  49  42  44  44  42  37  50  49  53  52  39  55        
PI    35  61  56  70  44  39  49  47  44  42  44   0  52  49  49  49  46        
PI    33  61  71  69  49  43  54  49  39  39  22  23  33  33  33  33  37        
PI    31  61  56  69  64  34  54  49  44  49  29  26  25  23  23  23  23        
PI    29  61  71  74  54  34  79  58  59  59  44  29  29  25  23  25  25        
PI    27  61  67  74  69  34  49  80  40  29  29  29  29  34  29  28  28        
PI    25  61  37  37  40  31  43  59  29  29  29  39  29  39  39  29  24        
PI    23  61   0   0   0  17  39  39  39  24  24  24  29  29  29  19  23        
PI    21  61   0   0   0   0  22  29  29  24  24  24  29  39  29  22  18        
PI    19  61   0   0   0   0   8  25  24  29  24  24  29  29  27   3   0        
PI    17  61   0   0   0   0   0   6  22  24  24  24  36  34   0   0   0        
PI    15  61   0   0   0   0   0   0  12  24  24  24  11   0   0   0   0        
PI    13  61   0   0   0   0   0   0   6  22  24  24   9   0   0   0   0        
PI    11  61   0   0   0   0   0   0   0  12  24  24   7   0   0   0   0        
PI     9  61   0   0   0   0   0   0   0   3  21  17  13   0   0   0   0        
PI     7  61   0   0   0   0   0   0   0   0   5   5  27   0   0   0   0        
PI     5  61   0   0   0   0   0   0   0   0   0   0   0   0   0   0   0        
PI     3  61   0   0   0   0   0   0   0   0   0   0   0   0   0   0   0        
PI     1  61   0   0   0   0   0   0   0   0   0   0   0   0   0   0   0        
PI    -1  61   0   0   0   0   0   0   0   0   0   0   0   0   0   0   0        
PI    -3  61   0   0   0   0   0   0   0   0   0   0   0   0   0   0   0        
PI    -5  61   0   0   0   0   0   0   0   0   0   0   0   0   0   0   0        
PI    -7  61   0   0   0   0   0   0   0   0   0   0   0   0   0   0   0        
PI    -9  61   0   0   0   0   0   0   0   0   0   0   0   0   0   0   0        
PI   -11  61   0   0   0   0   0   0   0   0   0   0   0   0   0   0   0        
PI   -13  61   0   0   0   0   0   0   0   0   0   0   0   0   0   0   0        
PI   -15  61   0   0   0   0   0   0   0   0   0   0   0   0   0   0   0        
PI   -17  61   0   0   0   0   0   0   0   0   0   0   0   0   0   0   0        
PI   -19  61   0   0   0   0   0   0   0   0   0   0   0   0   0   0   0        
PI   -21  61   0   0   0   0   0   0   0   0   0   0   0   0   0   0   0        
PI   -23  61   0   0   0   0   0   0   0   0   0   0   0   0   0   0   0        
PI   -25  61   0   0   0   0   0   0   0   0   0   0   0   0   0   0   0        
PI   -27  61   0   0   0   0   0   0   0   0   0   0   0   0   0   0   0        
PI   -29  61   0   0   0   0   0   0   0   0   0   0   0   0   0   0   0        
PI   -31  61   0   0   0   0   0   0   0   0   0   0   0   0   0   0   0        
PI   -33  61   0   0   0   0   0   0   0   0   0   0   0   0   0   0   0        
PI   -35  61   0   0   0   0   0   0   0   0   0   0   0   0   0   0   0        
PI   -37  61   0   0   0   0   0   0   0   0   0   0   0   0   0   0   0        
PI   -39  61   0   0   0   0   0   0   0   0   0   0   0   0   0   0   0        
PI   -41  61   0   0   0   0   0   0   0   0   0   0   0   0   0   0   0        
PI   -43  61   0   0   0   0   0   0   0   0   0   0   0   0   0   0   0        
PI   -45  61   0   0   0   0   0   0   0   0   0   0   0   0   0   0   0        
PI   -47  61   0   0   0   0   7   7   0   0   0   0   0   0   0   0   0        
PI   -49  61   0   0   0   0  35  22   0   0   0   0   0   0   0   0   0        
PI   -51  61   0   0   0   0   5   0   0   0   0   0   0   0   0   0   0        
PI   -53  61   0   0   0   0   0   0  15   0   0   0   0   0   0   0   0        
PI   -55  61   0   0   0   0   0   0   0   0   0   0   0   0   0   0   0        
PI    83  91   0   0   0   0   0   0   0   0   0   0   0   0   0   0   0        
PI    81  91   0   0   0   0   0   0   0   0   0   0   0   0   0   0   0        
PI    79  91   6  63  38  28  18  30  57  82  87  97  98   0   0   0   0        
PI    77  91  98  73  48  48  18  20  17  17  17  37  48  74  72  63  54        
PI    75  91  13   0   0   8  28  40  57  26  28  36  38  69  89  79  79        
PI    73  91  23  38  53  73  93  98  87  86  67  72  60  69  69  59  69        
PI    71  91  28  18  28  18  68  68   7   0   0   7  37  59  59  49  59        
PI    69  91   0   0   0   0   8  73  67  56  57  73  39  49  39  29  49        
PI    67  91   0   0   0  18  73  49  28  97  69  68  29  29  29  19  39        
PI    65  91  73  58  58  83  16  39  27  86  49  49  24  19  19  19  19        
PI    63  91  56  56  56  16  16  29  29  48  19  29  29  19  19  19  19        
PI    61  91  49  40  32  16  16  29  19  24  19  19  29  19  19  19  19        
PI    59  91  36  36  36  16  16  29  29  19  39  21  22  16  12  12  17        
PI    57  91  29  27  36  16  16  29  39  30  39  13   8   9  13  14  15        
PI    55  91  49  49  49  49  29  29  39  40  39  25   7  15  16  18  18        
PI    53  91  49  49  47  39  42  39  49  49  40  18  13  19  19  19  19        
PI    51  91  44  47  47  39  37  37  23  41  56  29  29  29  29  39  39        
PI    49  91  36  49  49  50  49  40  45  36  69  36  31  49  49  53  49        
PI    47  91  45  48  65  50  49  53  69  49  78  53  49  59  69  54  49        
PI    45  91  60  59  70  60  70  60  69  79  78  80  69  69  74  53  58        
PI    43  91  57  55  65  60  69  70  68  79  79  69  64  69  69  55  59        
PI    41  91  47  59  69  69  70  79  80  79  79  59  49  49  65  49  58        
PI    39  91  38  59  54  42  44  68  79  69  69  49  49  49  56  45  17        
PI    37  91  54  58  46  48  44  47  49  49  49  49  49  49  59  27  25        
PI    35  91  40  56  44  42  44  44  40  47  47  50  49  49  49  48  49        
PI    33  91  44  37  31  40  37  37  32  31  34  29  29  29  29  22  24        
PI    31  91  33  28  31  35  35  29  32  34  34  39  29  39  24  24  24        
PI    29  91  31  19  22  27  37  26  25  29  34  34  29  39  24  34  24        
PI    27  91  28  24  29  19  23  21  33  24  34  29  24  24  24  34  24        
PI    25  91  24  24  29  24  28  24  39  29  29  29  29  34  24  29  24        
PI    23  91  29  24  24  24  29  24  29  29  29  29  24  24  24  24  18        
PI    21  91  27  29  24  24  29  29  29  29  24  29  24  23  17   5   0        
PI    19  91   0  13  24  24  29  29  29  29  24  29  18   5   0   0   0        
PI    17  91   0   4  36  24  29  34  24  29  24  18   2   0   0   0   1        
PI    15  91   8   9  31  24  29  29  24  29  24  17   0   0   0   0   1        
PI    13  91   0  10   0  17  24  29  24  29  24  18   0   0   0   0   2        
PI    11  91   0   7   0   8  24  29  24  29  24  18   0   0   0   6  13        
PI     9  91   0   6   0   6  24  24  24  24  24  12   0   0   0   8   7        
PI     7  91   0  27   0   2  22  29  24  24  24  15   0   0  12  22   7        
PI     5  91   0   0  10  18  24  29  24  24  24  24  18  17  21  24  15        
PI     3  91   0   0   3  16  24  24  24  24  24  24  24  24  24  24   5        
PI     1  91   0   0   0   6  22  29  24  24  24  24  24  24  24  21  12        
PI    -1  91   0   0   0   0  10  29  24  24  24  24  24  24  24  20   8        
PI    -3  91   0   0   0   0   2  25  23  24  24  24  23  24  24  18  12        
PI    -5  91   0   0   0   0   0  12   7  31  24  34  29  24  24  15  16        
PI    -7  91   0   0   0   0   0   0   0   6  26  33  34  24  17   6  12        
PI    -9  91   0   0   0   0   0   0   0   0   0   0   4   6  12  10  12        
PI   -11  91   0   0   0   0   0   0   0   1   0   0   0   0   0   0   0        
PI   -13  91   0   0   0   0   0   0   0   0   0   0   0   0   0   0   0        
PI   -15  91   0   0   0   0   0   0   0   0   0   0   0   0   0   0   0        
PI   -17  91   0   0   0   0   0   0   0   0   0   0   0   0   0   0   0        
PI   -19  91   0   0   0   0   0   0   0   0   0   0   0   0   5  25  40        
PI   -21  91   0   0   0   0   0   0   0   0   0   0   0   5  35  49  49        
PI   -23  91   0   0   0   0   0   0   0   0   0   0   0  17  49  49  49        
PI   -25  91   0   0   0   0   0   0   0   0   0   0   0  40  49  49  49        
PI   -27  91   0   0   0   0   0   0   0   0   0   0   0  15  49  59  49        
PI   -29  91   0   0   0   0   0   0   0   0   0   0   0   7  54  49  59        
PI   -31  91   0   0   0   0   0   0   0   0   0   0   0   0  35  49  59        
PI   -33  91   0   0   0   0   0   0   0   0   0   0   0   0  32  39  49        
PI   -35  91   0   0   0   0   0   0   0   0   0   0   0   0  17  26  25        
PI   -37  91   0   0   0   0   0   0   0   0   0   0   0   0   0   0   0        
PI   -39  91   0   0   0   0   0   0   0   0   0   0   0   0   0   0   0        
PI   -41  91   0   0   0   0   0   0   0   0   0   0   0   0   0   0   0        
PI   -43  91   0   0   0   0   0   0   0   0   0   0   0   0   0   0   0        
PI   -45  91   0   0   0   0   0   0   0   0   0   0   0   0   0   0   0        
PI   -47  91   0   0   0   0   0   0   0   0   0   0   0   0   0   0   0        
PI   -49  91   0   0   0   0   0   0   0   0   0   0   0   0   0   0   0        
PI   -51  91   0   0   0   0   0   0   0   0   0   0   0   0   0   0   0        
PI   -53  91   0   0   0   0   0   0   0   0   0   0   0   0   0   0   0        
PI   -55  91   0   0   0   0   0   0   0   0   0   0   0   0   0   0   0        
PI    83 121   0   0   0   0   0   0   0   0   0   0   0   0   0   0   0        
PI    81 121   0   0   0   0   0   0   0   0   0   0   0   0   0   0   0        
PI    79 121   0   0   0   0  63   0  27  27  27  45  58  67  72  63  63        
PI    77 121  54  63  54  56  79  79  79  79  79  89  89  88  88  88  88        
PI    75 121  79  79  79  79  69  69  69  69  69  89  89  88  88  88  78        
PI    73 121  69  69  69  69  49  59  59  59  59  79  79  67  79  68  67        
PI    71 121  59  59  59  59  49  49  49  49  49  59  59  58  67  68  67        
PI    69 121  49  44   9  23  22  35  15  39  49  49  59  49  58  58  59        
PI    67 121  39  31   7  14  29  37  29  39  49  32  34  46  48  58  49        
PI    65 121  29  29  23  12  31  15  39  23  33  32  34  46  39  21  24        
PI    63 121  19  29  19  19  39  28  37  26  33  24  29  29  29  46  39        
PI    61 121  19  29  29  29  29  29  29  19  33  32  34  37  29  36  49        
PI    59 121  16  19  19  19  19  19  19  19  19  44  49  49  47  44  46        
PI    57 121   9  19  19  19  37  16  16  19  11  37  36  18  22  32  30        
PI    55 121  19  19  19  19  15  19  13  18  19  39  30  13   0   0   0        
PI    53 121  19  19  19  19  19  19  16  13  19  29  29  25   1   0   0        
PI    51 121  29  39  29  29  19  19  16  13  19  19  29  28   7   0   0        
PI    49 121  39  49  39  39  19  19  19  18  19  17  21  23  15   0   0        
PI    47 121  49  39  39  39  19  39  19  19  31  10   7  24   6   0   0        
PI    45 121  49  49  49  39  29  19  39  33   8   0  16  25   6   7   6        
PI    43 121  49  49  49  39  29  16  13   7   0   1  14  24  18   7   0        
PI    41 121  35  35  39  39  11   0   0   0   0   2  16   2   0   0   0        
PI    39 121   5  45  49  29   7   0   0   0   0   9  18   1   0   0   0        
PI    37 121  40  49  39  29  15   0   2   1  14  16  12   0   0   0   0        
PI    35 121  49  49  38  29  19  17  18  18  16  10   4   0   0   0   0        
PI    33 121  24  24  14  19  14  19  10   5   1   0   0   0   0   0   0        
PI    31 121  24  24  14  16   4  10   0   0   0   0   0   0   0   0   0        
PI    29 121  29  24  14  10   1   0   0   0   0   0   0   0   0   0   0        
PI    27 121  24  24   7   4   2   0   0   0   0   0   0   0   0   0   0        
PI    25 121  21   5   1   0   0   0   0   0   0   0   0   0   0   0   0        
PI    23 121  15   0   0   0   0   0   0   0   0   0   0   0   0   0   0        
PI    21 121   5   0   0   0   0   0   0   0   0   0   0   0   0   0   0        
PI    19 121   8   1   0   0   0   0   0   0   0   0   0   0   0   0   0        
PI    17 121  20   5   0   0   0   0   0   0   0   0   0   0   0   0   0        
PI    15 121  18  11   1   0   0   0   0   0   0   0   0   0   0   0   0        
PI    13 121  11  17   5   0   0   0   0   0   0   0   0   0   0   0   0        
PI    11 121  10  20  20   0   0   0   0   0   0   0   0   0   0   0   0        
PI     9 121   0  12  17   3   0   0   0   0   0   0   0   0   0   0   0        
PI     7 121   8   8  20   4   0   0   0   0   0   0   0   0   0   0   0        
PI     5 121   6   0   2   1   0   0   0   0   0   0   0   0   0   0   0        
PI     3 121   0   0   3   3   6   0   0   0   0   0   0   0   0   0   0        
PI     1 121  10   7   5  10   9   6   0   0   0   0   0   0   0   0   0        
PI    -1 121  16  10   5   7   6  24  24   7  15   7   0   0   0   1   1        
PI    -3 121  16   6   0   7  10  15  24  21  29  28  19  18   3   1   0        
PI    -5 121   8  11   0   0   0   1   6  29  29  29  29  29  24   5  10        
PI    -7 121   6   0   2   8   3   9  10  29  29  29  29  29  29  23   3        
PI    -9 121  10  10  12  12   8  14  28  39  39  29  30  29  18  20  26        
PI   -11 121   6   7  15  22  47  57  58  59  59  50  40  29   0   2  10        
PI   -13 121   0  17  49  49  49  79  80  80  78  78  49  38   4   0   0        
PI   -15 121  12  40  58  59  49  79  80  80  78  78  49  39  34   0   0        
PI   -17 121  45  39  58  69  58  79  80  80  59  68  59  39  39  12   0        
PI   -19 121  69  59  58  69  59  69  70  70  59  60  60  50  29  34  30        
PI   -21 121  70  89  89  89  90  80  70  50  59  50  50  50  29  39  39        
PI   -23 121  70  89  89  89  90  80  80  80  50  40  50  60  40  49  39        
PI   -25 121  60  59  89  89  90  90  80  75  78  58  50  60  39  49  40        
PI   -27 121  50  49  89  89  90  90  80  74  78  77  60  60  39  50  40        
PI   -29 121  50  49  60  69  79  90  80  68  78  78  50  59  70  49  40        
PI   -31 121  59  49  60  60  80  60  49  49  39  89  60  60  50  50  50        
PI   -33 121  59  49  60  39  32  35  47  49  39  89  60  59  50  40  75        
PI   -35 121  49  49  12   0   0   0  12  15  39  79  69  70  49  40  75        
PI   -37 121  17  17   0   0   0   0   0   0  14  32  58  70  39  50  46        
PI   -39 121   0   0   0   0   0   0   0   0   0   0  10  30  39  39  30        
PI   -41 121   0   0   0   0   0   0   0   0   0   0   0   8  28  33  16        
PI   -43 121   0   0   0   0   0   0   0   0   0   0   0   0  12  30  10        
PI   -45 121   0   0   0   0   0   0   0   0   0   0   0   0   0   4   0        
PI   -47 121   0   0   0   0   0   0   0   0   0   0   0   0   0   0   0        
PI   -49 121   0   0   0   0   0   0   0   0   0   0   0   0   0   0   0        
PI   -51 121   0   0   0   0   0   0   0   0   0   0   0   0   0   0   0        
PI   -53 121   0   0   0   0   0   0   0   0   0   0   0   0   0   0   0        
PI   -55 121   0   0   0   0   0   0   0   0   0   0   0   0   0   0   0        
PI    83 151   0   0   0   0   0   0   0   0   0   0   0   0   0   0   0        
PI    81 151   0   0   0   0   0   0   0   0   0   0   0   0   0   0   0        
PI    79 151  63  63  54  36  10   0   0   0   0   0   0   0   0   0   0        
PI    77 151  88  88  88  88  85  63  63  54  45  27   0   0   0   0   0        
PI    75 151  78  88  78  68  79  89  89  89  89  89  85  81  63  63  54        
PI    73 151  68  78  78  68  79  71  89  89  89  89  89  89  89  89  89        
PI    71 151  68  67  78  68  79  79  89  79  89  89  89  89  89  89  89        
PI    69 151  58  58  68  59  68  51  89  71  89  89  80  66  80  80  89        
PI    67 151  58  58  58  49  59  58  79  71  71  75  63  51  37  35  59        
PI    65 151  49  49  49  49  59  55  69  58  71  65  59  49  37  55  67        
PI    63 151  49  49  49  39  37  69  50  58  59  41  29  31  38  45  59        
PI    61 151  36  31  34  46  49  59  49  62  59  20  27  15   7   0   0        
PI    59 151  49  27  27  32  46  49  40  36  16   2   2   0   0   0   0        
PI    57 151   7   2  17  44  27  47  22   0   0   0   0   0   0   0   0        
PI    55 151   0   0  32  39  39  37   4   2  16   0   0   0   0   0   0        
PI    53 151   0   0  32  39  10   4   0   0   0   0   0   5   0   0   0        
PI    51 151   0   0  12  35   2   0   0   0   0   0   0   0   0   0   0        
PI    49 151   0   1   6   5   0   0   0   0   0   0   0   0   0   0   0        
PI    47 151   3   1   0   0   0   0   0   0   0   0   0   0   0   0   0        
PI    45 151   1   0   0   0   0   0   0   0   0   0   0   0   0   0   0        
PI    43 151   0   0   0   0   0   0   0   0   0   0   0   0   0   0   0        
PI    41 151   0   0   0   0   0   0   0   0   0   0   0   0   0   0   0        
PI    39 151   0   0   0   0   0   0   0   0   0   0   0   0   0   0   0        
PI    37 151   0   0   0   0   0   0   0   0   0   0   0   0   0   0   0        
PI    35 151   0   0   0   0   0   0   0   0   0   0   0   0   0   0   0        
PI    33 151   0   0   0   0   0   0   0   0   0   0   0   0   0   0   0        
PI    31 151   0   0   0   0   0   0   0   0   0   0   0   0   0   0   0        
PI    29 151   0   0   0   0   0   0   0   0   0   0   0   0   0   0   0        
PI    27 151   0   0   0   0   0   0   0   0   0   0   0   0   0   0   0        
PI    25 151   0   0   0   0   0   0   0   0   0   0   0   0   0   0   0        
PI    23 151   0   0   0   0   0   0   0   0   0   0   0   0   0   0   0        
PI    21 151   0   0   0   0   0   0   0   0   0   0   0   0   0   0   0        
PI    19 151   0   0   0   0   0   0   0   0   0   0   0   0   0   0   0        
PI    17 151   0   0   0   0   0   0   0   0   0   0   0   0   0   0   0        
PI    15 151   0   0   0   0   0   0   0   0   0   0   0   0   0   0   0        
PI    13 151   0   0   0   0   0   0   0   0   0   0   0   0   0   0   0        
PI    11 151   0   0   0   0   0   0   0   0   0   0   0   0   0   0   0        
PI     9 151   0   0   0   0   0   0   0   0   0   0   0   0   0   0   0        
PI     7 151   0   0   0   0   0   0   0   0   0   0   0   0   0   0   0        
PI     5 151   0   0   0   0   0   0   0   0   0   0   0   0   0   0   0        
PI     3 151   0   0   0   0   0   0   0   0   0   0   0   0   0   0   0        
PI     1 151   0   0   0   0   0   0   0   0   0   0   0   0   0   0   0        
PI    -1 151   0   0   0   0   0   0   0   0   0   0   0   0   0   0   0        
PI    -3 151   6   6   0   0   0   0   0   0   0   0   0   0   0   0   0        
PI    -5 151  13   9   4   0   0   0   0   0   0   0   0   0   0   0   0        
PI    -7 151   3   0   6   7   3   0   0   0   0   0   0   0   0   0   0        
PI    -9 151   9   1   0   6   7   9   0   0   0   0   0   0   0   0   0        
PI   -11 151   7   1   0   0   0   4   1   1   0   0   0   0   0   0   0        
PI   -13 151   0   0   0   0   0   0   0   0   0   0   0   0   0   0   0        
PI   -15 151   0   0   0   0   0   0   0   0  10   6   0   0   0   0   0        
PI   -17 151   0   0   0   0   0   0   0   0   6  10   0   0   0  42  45        
PI   -19 151   4   0   0   0   0   0  14  14   0   4   0   0   0  17  17        
PI   -21 151  34  15   2   0   0   0   2  12  10   4   0   0   0   0   0        
PI   -23 151  39  25  20   0   0   0   0   0  12   0   0   0   0   0   0        
PI   -25 151  39  37   0   0   0   0   0   0   0   0   0   0   0   0   0        
PI   -27 151  49  45   0   0   0   0   0   0   0   0   0   0   0   0   0        
PI   -29 151  49  42   0   0   0   0   0   0   0   0   0   0   0   0   0        
PI   -31 151  70  32   0   0  10   0   0   0   0   0   0   0   0   0   0        
PI   -33 151  72  12   0   0   0   0   0   0   0   0   0   0   0   0   0        
PI   -35 151  36   0   0   0   0   0   0   0   0   0   0  18   6   0   0        
PI   -37 151  18   0   0   0   0   0   0   0   0   0   0   4  28   7   4        
PI   -39 151   2   0   0   0   0   0   0   0   0   0   0  15  40  28   7        
PI   -41 151   0   0   0   0   0   0   0   0   0   0   4  25  44  10   0        
PI   -43 151   0   0   0   0   0   0   0   0   0   3  12  22   0   0   0        
PI   -45 151   0   0   0   0   0   0   0   0   7  18  24   7   0   0   0        
PI   -47 151   0   0   0   0   0   0   0   0  16  19   4   0   0   0   0        
PI   -49 151   0   0   0   0   0   0   0   0   4   0   0   0   0   0   0        
PI   -51 151   0   0   0   0   0   0   0   0   6   0   0   0   0   0   0        
PI   -53 151   0   0   0   0   0   0   0   0   0   0   0   0   0   0   0        
PI   -55 151   0   0   0   0  10   0   0   0   0   0   0   0   0   0   0        
PI    83-179   0   0   0   0   0   0   0   0   0   0   0   0   0   0   0        
PI    81-179   0   0   0   0   0   0   0   0   0   0   0   0   0   0   0        
PI    79-179   0   0   0   0   0   0   0   0   0   0   0   0   0   0   0        
PI    77-179   0   0   0   0   0   0   0   0   0   0   0   0   0   0   0        
PI    75-179   0   0   0   0   0   0   0   0   0   0   0   0   0   0   0        
PI    73-179  89  89   0   0   0   0   0   0   0  89  89  89  89  89  90        
PI    71-179  89  89  89  89  89  89  89  89  89  89  89  89  89  89  89        
PI    69-179  89  89  89  89  89  89  89  89  80  44  44  57  55  50  50        
PI    67-179  57  89  57  71  89  89  89  89  75  71  71  57  50  50  50        
PI    65-179  80  71  44  75  89  89  89  89  89  89  89  89  89  89  89        
PI    63-179  89  89  89  89  89  89  89  89  89  89  89  89  89  75  65        
PI    61-179  36  89  89  89  89  89  89  89  89  89  89  89  60  25   0        
PI    59-179   0  44  22  89  89  89  89  89  89  89  89  65   0   0   0        
PI    57-179   0   0   0  22  72  81  89  89  80  75  40   5   0   0  15        
PI    55-179   0   0   0   0   0  10  10   5  26  16   5  10   5   0   0        
PI    53-179   0   0  18  18  10  13  13  10  12   0   0   0   0   0   0        
PI    51-179   5  16  10   0   0   0   0   0   0   0   0   0   0   0   0        
PI    49-179   0   0   0   0   0   0   0   0   0   0   0   0   0   0   0        
PI    47-179   0   0   0   0   0   0   0   0   0   0   0   0   0   0   0        
PI    45-179   0   0   0   0   0   0   0   0   0   0   0   0   0   0   0        
PI    43-179   0   0   0   0   0   0   0   0   0   0   0   0   0   0   0        
PI    41-179   0   0   0   0   0   0   0   0   0   0   0   0   0   0   0        
PI    39-179   0   0   0   0   0   0   0   0   0   0   0   0   0   0   0        
PI    37-179   0   0   0   0   0   0   0   0   0   0   0   0   0   0   0        
PI    35-179   0   0   0   0   0   0   0   0   0   0   0   0   0   0   0        
PI    33-179   0   0   0   0   0   0   0   0   0   0   0   0   0   0   0        
PI    31-179   0   0   0   0   0   0   0   0   0   0   0   0   0   0   0        
PI    29-179   0   0   0   0   0   0   0   0   0   0   0   0   0   0   0        
PI    27-179   0   0   0   0   0   0   0   0   0   0   0   0   0   0   0        
PI    25-179   0   0   0   0   0   0   0   0   0   0   0   0   0   0   0        
PI    23-179   0   0   0   0   0   0   0   0   0   0   3   0   0   0   0        
PI    21-179   0   0   0   0   0   0   0   0   0   0   3   6   3   0   0        
PI    19-179   0   0   0   0   0   0   0   0   0   0   0   0   6   0   0        
PI    17-179   0   0   0   0   0   0   0   0   0   0   0   0   0   0   0        
PI    15-179   0   0   0   0   0   0   0   0   0   0   0   0   0   0   0        
PI    13-179   0   0   0   0   0   0   0   0   0   0   0   0   0   0   0        
PI    11-179   0   0   0   0   0   0   0   0   0   0   0   0   0   0   0        
PI     9-179   0   0   0   0   0   0   0   0   0   0   0   0   0   0   0        
PI     7-179   0   0   0   0   0   0   0   0   0   0   0   0   0   0   0        
PI     5-179   0   0   0   0   0   0   0   0   0   0   0   0   0   0   0        
PI     3-179   0   0   0   0   0   0   0   0   0   0   0   0   0   0   0        
PI     1-179   0   0   0   0   0   0   0   0   0   0   0   0   0   0   0        
PI    -1-179   0   0   0   0   0   0   0   0   0   0   0   0   0   0   0        
PI    -3-179   0   0   0   0   0   0   0   0   0   0   0   0   0   0   0        
PI    -5-179   0   0   0   0   0   0   0   0   0   0   0   0   0   0   0        
PI    -7-179   0   0   0   0   0   0   0   0   0   0   0   0   0   0   0        
PI    -9-179   0   0   0   0   0   0   0   0   0   0   0   0   0   0   0        
PI   -11-179   0   0   0   0   0   0   0   0   0   0   0   0   0   0   0        
PI   -13-179   0   0   0   4   3   0   0   0   3   0   0   0   0   0   0        
PI   -15-179   0   0   0   0   3   0   0   0   3   0   0   0   0   0   0        
PI   -17-179   2   0   0   0   0   0   0   0   0   0   0   0   0   0   0        
PI   -19-179   0   0   0   0   0   1   0   0   0   1   0   0   0   0   0        
PI   -21-179   0   0   0   0   0   0   0   0   0   0   0   0   0   0   0        
PI   -23-179   0   0   0   0   0   0   0   0   0   0   0   0   0   0   0        
PI   -25-179   0   0   0   0   0   0   0   0   0   0   0   0   0   0   0        
PI   -27-179   0   0   0   0   0   0   0   0   0   0   0   0   0   0   0        
PI   -29-179   0   0   0   0   0   0   0   0   0   0   0   0   0   0   0        
PI   -31-179   0   0   0   0   0   0   0   0   0   0   0   0   0   0   0        
PI   -33-179   0   0   0   0   0   0   0   0   0   0   0   0   0   0   0        
PI   -35-179   0   0   0   0   0   0   0   0   0   0   0   0   0   0   0        
PI   -37-179   0   0   0   0   0   0   0   0   0   0   0   0   0   0   0        
PI   -39-179   0   0   0   0   0   0   0   0   0   0   0   0   0   0   0        
PI   -41-179   0   0   0   0   0   0   0   0   0   0   0   0   0   0   0        
PI   -43-179   0   7   0   0   0   0   0   0   0   0   0   0   0   0   0        
PI   -45-179   0   7   0   0   0   0   0   0   0   0   0   0   0   0   0        
PI   -47-179   0   0   0   0   0   0   0   0   0   0   0   0   0   0   0        
PI   -49-179   0   0   0   0   0   0   0   0   0   0   0   0   0   0   0        
PI   -51-179   0   0   0   0   0   0   0   0   0   0   0   0   0   0   0        
PI   -53-179   0   0   0   0   0   0   0   0   0   0   0   0   0   0   0        
PI   -55-179   0   0   0   0   0   0   0   0   0   0   0   0   0   0   0        
PI    83-149   0   0   0   0   0   0   0   0   0   0   0   0   0   0   0        
PI    81-149   0   0   0   0   0   0   0   0   0   0   0   0   0   0   0        
PI    79-149   0   0   0   0   0   0   0   0   0   0   0 100 100 100 100        
PI    77-149   0   0   0   0   0   0   0   0   0   0   0  90  75  35  15        
PI    75-149   0   0   0   0   0   0   0   0   0   0  90  40  15  25  10        
PI    73-149  90  90  90   0   0   0   0   0   0   0  80  75 100 100  75        
PI    71-149  90  90  90   0   0   0   0   0   0  50  10   0  15  20  20        
PI    69-149  50  40  40  55  90  90  60  45  25  15   5   0   0   0   0        
PI    67-149  60  70  85  90  90  90 100  60  25   0   0   0   0   0   0        
PI    65-149 100  90  90  90 100 100 100 100  75  65  40  25   0   0   0        
PI    63-149  50  40  35  54  67  90 100  60  20   0  10  60  50   0   0        
PI    61-149   0   0  10   0   0  10  10   0   0   0   0   0   0   0   0        
PI    59-149   7  40  12  27  13   8   0   0   0   0   0   0   0   0   0        
PI    57-149   0   0   0   0   0   0   2   9   0   0   0   0   0   0   0        
PI    55-149   0   0   0   0   0   0   0   5  47   0   0   0   0   0   0        
PI    53-149   0   0   0   0   0   0   0   0  15  75   0   0   0   0   0        
PI    51-149   0   0   0   0   0   0   0   0   0   7  10   4   0   0   0        
PI    49-149   0   0   0   0   0   0   0   0   0   0   0  10  16  13   5        
PI    47-149   0   0   0   0   0   0   0   0   0   0   0   0  16  17  58        
PI    45-149   0   0   0   0   0   0   0   0   0   0   0   0  14  12  39        
PI    43-149   0   0   0   0   0   0   0   0   0   0   0   0  14  22   8        
PI    41-149   0   0   0   0   0   0   0   0   0   0   0   0  10  29   7        
PI    39-149   0   0   0   0   0   0   0   0   0   0   0   0   0  32  27        
PI    37-149   0   0   0   0   0   0   0   0   0   0   0   0   0  10  45        
PI    35-149   0   0   0   0   0   0   0   0   0   0   0   0   0   0  14        
PI    33-149   0   0   0   0   0   0   0   0   0   0   0   0   0   0   0        
PI    31-149   0   0   0   0   0   0   0   0   0   0   0   0   0   0   0        
PI    29-149   0   0   0   0   0   0   0   0   0   0   0   0   0   0   0        
PI    27-149   0   0   0   0   0   0   0   0   0   0   0   0   0   0   0        
PI    25-149   0   0   0   0   0   0   0   0   0   0   0   0   0   0   0        
PI    23-149   0   0   0   0   0   0   0   0   0   0   0   0   0   0   0        
PI    21-149   0   0   0   0   0   0   0   0   0   0   0   0   0   0   0        
PI    19-149   0   0   0   0   0   0   0   0   0   0   0   0   0   0   0        
PI    17-149   0   0   0   0   0   0   0   0   0   0   0   0   0   0   0        
PI    15-149   0   0   0   0   0   0   0   0   0   0   0   0   0   0   0        
PI    13-149   0   0   0   0   0   0   0   0   0   0   0   0   0   0   0        
PI    11-149   0   0   0   0   0   0   0   0   0   0   0   0   0   0   0        
PI     9-149   0   0   0   0   0   0   0   0   0   0   0   0   0   0   0        
PI     7-149   0   0   0   0   0   0   0   0   0   0   0   0   0   0   0        
PI     5-149   0   0   0   0   0   0   0   0   0   0   0   0   0   0   0        
PI     3-149   0   0   0   0   0   0   0   0   0   0   0   0   0   0   0        
PI     1-149   0   0   0   0   0   0   0   0   0   0   0   0   0   0   0        
PI    -1-149   0   0   0   0   0   0   0   0   0   0   0   0   0   0   0        
PI    -3-149   0   0   0   0   0   0   0   0   0   0   0   0   0   0   0        
PI    -5-149   0   0   0   0   0   0   0   0   0   0   0   0   0   0   0        
PI    -7-149   0   0   0   0   0   0   0   0   0   0   0   0   0   0   0        
PI    -9-149   0   0   0   0   0   0   0   0   0   0   0   0   0   0   0        
PI   -11-149   0   0   0   0   0   0   0   0   0   0   0   0   0   0   0        
PI   -13-149   0   0   0   0   0   0   0   0   0   0   0   0   0   0   0        
PI   -15-149   0   0   0   1   0   0   0   0   0   0   0   0   0   0   0        
PI   -17-149   0   0   0   7   1   0   0   0   0   0   0   0   0   0   0        
PI   -19-149   0   0   0   0   1   1   1   0   0   0   0   0   0   0   0        
PI   -21-149   0   0   0   0   0   1   3   0   0   0   0   0   0   0   0        
PI   -23-149   0   0   0   0   0   0   0   4   0   0   0   0   0   0   0        
PI   -25-149   0   0   0   0   0   0   0   0   0   0   0   0   0   0   0        
PI   -27-149   0   0   0   0   0   0   0   0   0   0   0   0   0   0   0        
PI   -29-149   0   0   0   0   0   0   0   0   0   0   0   0   0   0   0        
PI   -31-149   0   0   0   0   0   0   0   0   0   0   0   0   0   0   0        
PI   -33-149   0   0   0   0   0   0   0   0   0   0   0   0   0   0   0        
PI   -35-149   0   0   0   0   0   0   0   0   0   0   0   0   0   0   0        
PI   -37-149   0   0   0   0   0   0   0   0   0   0   0   0   0   0   0        
PI   -39-149   0   0   0   0   0   0   0   0   0   0   0   0   0   0   0        
PI   -41-149   0   0   0   0   0   0   0   0   0   0   0   0   0   0   0        
PI   -43-149   0   0   0   0   0   0   0   0   0   0   0   0   0   0   0        
PI   -45-149   0   0   0   0   0   0   0   0   0   0   0   0   0   0   0        
PI   -47-149   0   0   0   0   0   0   0   0   0   0   0   0   0   0   0        
PI   -49-149   0   0   0   0   0   0   0   0   0   0   0   0   0   0   0        
PI   -51-149   0   0   0   0   0   0   0   0   0   0   0   0   0   0   0        
PI   -53-149   0   0   0   0   0   0   0   0   0   0   0   0   0   0   0        
PI   -55-149   0   0   0   0   0   0   0   0   0   0   0   0   0   0   0        
PI    83-119   0   0   0   0   0   0   0   0   0   0   0   0   0   0   0        
PI    81-119   0   0   0   0   0   0   0   0   0   0   0   0   0   0   0        
PI    79-119  90  75  65  60  50  35  25   0   0   0   0   0   0   0   0        
PI    77-119   0   0   0   0   0   0   0   0   0   0   0   0   0   0   0        
PI    75-119  10   0   0   0   0   0   0   0   0   0   0   0   0   0   0        
PI    73-119  50  25   0   0   0   0   0   0   0   0   0   0   0   0   0        
PI    71-119   0   0   0   0   0   0   0   0   0   0   0   0   0   0   0        
PI    69-119   0   0   0   0   0   0   0   0   0   0   0   0   0   0   0        
PI    67-119   0   0   0   0   0   0   0   0   0   0   0   0   0   0   0        
PI    65-119   0   0   0   0   0   0   0   0   0   0   0   0   0   0   0        
PI    63-119   0   0   0   0   0   0   0   0   0   0   0   0   0   0   0        
PI    61-119   0   0   0   0   0   0   0   0   0   0   0   0   0   0   0        
PI    59-119   0   0   0   0   0   0   0   0   0   0   0   0   0   0   0        
PI    57-119   0   0   0   0   0   0   0   0   0   0   0   0   0   0   0        
PI    55-119   0   0   0   0   0   0   0   0   0   0   0   0   0   0   0        
PI    53-119   0   0   0   0   0   0   0   0   0   0   0   0   0   0   0        
PI    51-119   0   0   0   0   0   0   0   0   0   0   0   0   0   0   0        
PI    49-119   0   0   0  10   0   2   0   0   0   0   0   0   0   0   0        
PI    47-119  58  59  28  33  31  32  25  10   5   0   0   0   0   0   0        
PI    45-119  47  26  23  57  26  34  58  49  49  11   0   0   0   6  16        
PI    43-119  49  29  31  39  19  34  59  49  59  53  34  33  16  26  77        
PI    41-119  24  21  24   4  21  46  27  29  69  79  79  78  54  55  79        
PI    39-119  22  30  32  17  27  29  23  29  69  79  79  78  78  49  79        
PI    37-119  28  32  32  38  49  29  18  19  69  79  69  49  58  19  29        
PI    35-119  37  22  47  39  29  29  29  49  69  69  68  58  19  19  59        
PI    33-119   4  32  40  49  49  29  39  49  49  59  58  19  49  29  49        
PI    31-119   0  15  47  47  49  49  49  49  49  49  49  49  58  49  47        
PI    29-119   0   0  32  30  45  49  49  49  49  49  49  47  54  40  45        
PI    27-119   0   0  14  40  17  45  39  39  49  49  49  40   7   5   0        
PI    25-119   0   0   0  17  40  32  58  58  60  59  68  45   0   0   0        
PI    23-119   0   0   0   0  16  16  24  64  59  59  69  17   0   1   7        
PI    21-119   0   0   0   0   0   0   7  13  59  59  39  25   0   7  19        
PI    19-119   0   0   0   0   0   0   0  21  53  59  47   0  12  19  19        
PI    17-119   0   0   0   0   0   0   0   0   6  20  40  49  29  29  29        
PI    15-119   0   0   0   0   0   0   0   0   0  10   0   7   6  22  12        
PI    13-119   0   0   0   0   0   0   0   0   0   0   0   0   0   1   0        
PI    11-119   0   0   0   0   0   0   0   0   0   0   0   0   0   0   0        
PI     9-119   0   0   0   0   0   0   0   0   0   0   0   0   0   0   0        
PI     7-119   0   0   0   0   0   0   0   0   0   0   0   0   0   0   0        
PI     5-119   0   0   0   0   0   0   0   0   0   0   0   0   0   0   0        
PI     3-119   0   0   0   0   0   0   0   0   0   0   0   0   0   0   0        
PI     1-119   0   0   0   0   0   0   0   0   0   0   0   0   0   0   0        
PI    -1-119   0   0   0   0   0   0   0   0   0   0   0   0   0   0   0        
PI    -3-119   0   0   0   0   0   0   0   0   0   0   0   0   0   0   0        
PI    -5-119   0   0   0   0   0   0   0   0   0   0   0   0   0   0   0        
PI    -7-119   0   0   0   0   0   0   0   0   0   0   0   0   0   0   0        
PI    -9-119   0   0   0   0   0   0   0   0   0   0   0   0   0   0   0        
PI   -11-119   0   0   0   0   0   0   0   0   0   0   0   0   0   0   0        
PI   -13-119   0   0   0   0   0   0   0   0   0   0   0   0   0   0   0        
PI   -15-119   0   0   0   0   0   0   0   0   0   0   0   0   0   0   0        
PI   -17-119   0   0   0   0   0   0   0   0   0   0   0   0   0   0   0        
PI   -19-119   0   0   0   0   0   0   0   0   0   0   0   0   0   0   0        
PI   -21-119   0   0   0   0   0   0   0   0   0   0   0   0   0   0   0        
PI   -23-119   0   0   0   0   0   0   0   0   0   0   0   0   0   0   0        
PI   -25-119   0   0   0   0   0   0   0   0   0   0   0   0   0   0   0        
PI   -27-119   0   0   0   0   0   0   0   0   0   0   0   0   0   0   0        
PI   -29-119   0   0   0   0   0   0   0   0   0   0   0   0   0   0   0        
PI   -31-119   0   0   0   0   0   0   0   0   0   0   0   0   0   0   0        
PI   -33-119   0   0   0   0   0   0   0   0   0   0   0   0   0   0   0        
PI   -35-119   0   0   0   0   0   0   0   0   0   0   0   0   0   0   0        
PI   -37-119   0   0   0   0   0   0   0   0   0   0   0   0   0   0   0        
PI   -39-119   0   0   0   0   0   0   0   0   0   0   0   0   0   0   0        
PI   -41-119   0   0   0   0   0   0   0   0   0   0   0   0   0   0   0        
PI   -43-119   0   0   0   0   0   0   0   0   0   0   0   0   0   0   0        
PI   -45-119   0   0   0   0   0   0   0   0   0   0   0   0   0   0   0        
PI   -47-119   0   0   0   0   0   0   0   0   0   0   0   0   0   0   0        
PI   -49-119   0   0   0   0   0   0   0   0   0   0   0   0   0   0   0        
PI   -51-119   0   0   0   0   0   0   0   0   0   0   0   0   0   0   0        
PI   -53-119   0   0   0   0   0   0   0   0   0   0   0   0   0   0   0        
PI   -55-119   0   0   0   0   0   0   0   0   0   0   0   0   0   0   0        
PI    83 -89   0   0   0   0   0   0   0   0   0   0   0   0   0   0   0        
PI    81 -89   0   0   0   0   0   0   0   0   0   0   0   0   0   0   0        
PI    79 -89   0   0   0   0   0   0   0   0   0   0   0   0   0   0   0        
PI    77 -89   0   0   0   0   0   0   0   0   0  15   0   0   0   0   0        
PI    75 -89   0   0   0   0  15  50  50  70  80  85  50  50  60   0   0        
PI    73 -89   0   0   0   0  10  25   0  15  40  70  85 100   0   0  65        
PI    71 -89   0   0   0   0   0   0   0   0   0   0  10  30  75   0 100        
PI    69 -89   0   0   0   0   0   0   0   0   0   0   0   0  30  35 100        
PI    67 -89   0   0   0   0   0   0   0   0   0   0   0   0   0   0  25        
PI    65 -89   0   0   0   0   0   0   0   0   0   0   0   0   0   0  20        
PI    63 -89   0   0   0   0   0   0   0   0   0   0   0   0   0  15  80        
PI    61 -89   0   0   0   0   0   0   0   0   0   0   0   0   0   4   0        
PI    59 -89   0   0   0   0   0   0   0   0   0   0   0   0   0   0   5        
PI    57 -89   0   0   0   0   0   0   0   0   0   0   0   0   0   0   0        
PI    55 -89   0   0   0   0   0   0   0   0   0   0   0   0   0   0   0        
PI    53 -89   0   0   0   0   0   0   0   0   0   0   0   0   0   0   0        
PI    51 -89   0   0   0   0   0   0   0   0   0   0   0   0   0   0   0        
PI    49 -89   0   0   0   0   0   0   0   0   0   0   0   0   0   0   0        
PI    47 -89   0   0   0   0   0   0   0   0   0   0   0   0   0   0   0        
PI    45 -89  15   0   0   0   0   0   0   0   0   0   0   0   0   5  30        
PI    43 -89  19   0   0   0   0   8  11   0   0   0   0   4  13  50  35        
PI    41 -89  15   0   0   9  29  39  39  44  35  40  45  70   0   0   0        
PI    39 -89  63  48  37  39  29  49  49  49  13   0   0   0   0   0   0        
PI    37 -89  59  49  29  14  29  19   9  32   0   0   0   0   0   0   0        
PI    35 -89  59   9   9  39   9   9  19  17   0   0   0   0   0   0   0        
PI    33 -89  59   9   9   9  19  37  17   0   0   0   0   0   0   0   0        
PI    31 -89  39  14  14  29  36   5   0   0   0   0   0   0   0   0   0        
PI    29 -89  20  24  40  45  45   5   0   0   0   0   0   0   0   0   0        
PI    27 -89   0   0  15  40  49  17  10   0   0   0   0   0   0   0   0        
PI    25 -89   4   4   5  35  30  32  24   4   0   0   0   0   0   0   0        
PI    23 -89  34  20   7  25  32  37  32  12   3   0   0   0   0   0   0        
PI    21 -89  29  26   5  12   7  30  32   9   7   7   6   0   0   0   0        
PI    19 -89  29   7   0   0   0   5  14   6  22  24  12   7   9   3   0        
PI    17 -89  17   3   8  10   6   0   4   0   0   3   0   0   0   3   4        
PI    15 -89  29  29  39  29   7   0   0   0   0   0   0   0   0   0   3        
PI    13 -89  18  27  39  22   0   0   0   0   3   8   3   0   0   0   3        
PI    11 -89   0  12  39  10   0   0   0  15  25  24  28  12  10  26  29        
PI     9 -89   0   0  26  21  24  30   6  29  14   8   4  14  34  34  44        
PI     7 -89   0   0   0   4  18  10   8  68  61  19  34  34  14   9   9        
PI     5 -89   0   0   0   0   0   0   8  58  68  34  34  19   4   9  19        
PI     3 -89   0   0   0   0   0   8  59  68  34  24  34  19  14  19  19        
PI     1 -89   0   0   0   0   7  15  58  19  34  19  19  19  14  19  19        
PI    -1 -89   0   0   0   0  27  33  19   9   4  14  19  19  19  14  19        
PI    -3 -89   0   0   0   0  22  37  14  19  14  14   9  19  14  14   9        
PI    -5 -89   0   0   0   0  32  46  14  19  19  19   4  14  19  14  19        
PI    -7 -89   0   0   0   0  20  52   8  19  19  19  19  14  14  14   9        
PI    -9 -89   0   0   0   0   2  52  34  39  19  19  19  19  14  19  14        
PI   -11 -89   0   0   0   0   0  12  45  44  39   4  14  19  24  19  19        
PI   -13 -89   0   0   0   0   0   0  24  41  13  44  59  19  34  19  19        
PI   -15 -89   0   0   0   0   0   0  10  45  36  26  39  39  34  19  19        
PI   -17 -89   0   0   0   0   0   0   0   7  49  44  14  39  47  19  19        
PI   -19 -89   0   0   0   0   0   0   0   0  69  69  28  36  75  39  34        
PI   -21 -89   0   0   0   0   0   0   0   0  79  69  38  30   4  69  74        
PI   -23 -89   0   0   0   0   0   0   0   0  79  69  63  49  61  69  79        
PI   -25 -89   0   0   0   0   0   0   0   0  79  69  56  57  75  74  79        
PI   -27 -89   0   0   0   0   0   0   0   0  49  29  62  61  79  79  79        
PI   -29 -89   0   0   0   0   0   0   0   0  49  18  40  48  79  79  79        
PI   -31 -89   0   0   0   0   0   0   0   0  39  16  20  60  79  79  79        
PI   -33 -89   0   0   0   0   0   0   0   0  39  17  12  79  79  74  79        
PI   -35 -89   0   0   0   0   0   0   0   0  39  20  37  79  74  74  79        
PI   -37 -89   0   0   0   0   0   0   0   0  39  27  48  54  54  49  74        
PI   -39 -89   0   0   0   0   0   0   0  50  53  34  54  54  54  54  44        
PI   -41 -89   0   0   0   0   0   0   0  60  41  23  59  59  59  59  49        
PI   -43 -89   0   0   0   0   0   0   0  60   9  36  59  36  45  59  53        
PI   -45 -89   0   0   0   0   0   0   0  42   0  39  48  45  59  59  58        
PI   -47 -89   0   0   0   0   0   0   0  15   0  51  42  45  48  59  36        
PI   -49 -89   0   0   0   0   0   0   0   6   0  63  74  52  74  59  41        
PI   -51 -89   0   0   0   0   0   0   0  16   0  63  79  79  74  48  63        
PI   -53 -89   0   0   0   0   0   0   0  40   0   4  11  67  64   0  18        
PI   -55 -89   0   0   0   0   0   0   0  80   8   8  20  32  40  11   0        
PI    83 -59   0   0   0   0   0   0   0   0   0   0   0   0   0   0   0        
PI    81 -59   0   0   0   0   0   0   0   0   0   0   0   0   0   0   0        
PI    79 -59   0   0   0   0   0   0   0   0   0   0   0   0   0   0   0        
PI    77 -59   0   0   0   0   0   0   0   0   0   0   0   0   0   0   0        
PI    75 -59   0   0   0   0   0   0   0   0   0   0   0   0   0   0   0        
PI    73 -59  15   0   0   0   0   0   0   0   0   0   0   0   0   0   0        
PI    71 -59  65   0   0   0   0   0   0   0   0   0   0   0   0   0   0        
PI    69 -59  90  15   0   0   0   0   0   0   0   0   0   0   0   0   0        
PI    67 -59  90  45   0   0   0   0   0   0   0   0   0   0   0   0   0        
PI    65 -59  80  80  12   0   0   0   0   0   0   0   0   0  10  35  80        
PI    63 -59   0   0   0   9   7   0   0   0   0   0   0   0   0   0   0        
PI    61 -59   0   0   0   0   5   9   0   0   0   0   0   0   0   0   0        
PI    59 -59   0   0   0   0   0   0   0   9   7   0   0   0   0   0   0        
PI    57 -59   0   0   0   0   0   0   0   0   0   0   0   0   0   0   0        
PI    55 -59   0   0   0   0   0   0   0   0   0   0   0   0   0   0   0        
PI    53 -59   0   0   0   0   0   0   0   0   0   0   0   0   0   0   0        
PI    51 -59   0   0   0   0   0   0   0   0   0   0   0   0   0   0   0        
PI    49 -59   0   0   0   0   0   0   0   0   0   0   0   0   0   0   0        
PI    47 -59   0   0   0   5  65  80   0   0   0   0   0   0   0   0   0        
PI    45 -59  10   6  20  45 100  60   0   0   0   0   0   0   0   0   0        
PI    43 -59  10   0   0  10  40  20   0   0   0   0   0   0   0   0   0        
PI    41 -59   0   0   0   0   0   0   0   0   0   0   0   0   0   0   0        
PI    39 -59   0   0   0   0   0   0   0   0   0   0   0   0   0   0   0        
PI    37 -59   0   0   0   0   0   0   0   0   0   0   0   0   0   0   0        
PI    35 -59   0   0   0   0   0   0   0   0   0   0   0   0   0   0   0        
PI    33 -59   0   0   0   0   0   0   0   0   0   0   0   0   0   0   0        
PI    31 -59   0   0   0   0   0   0   0   0   0   0   0   0   0   0   0        
PI    29 -59   0   0   0   0   0   0   0   0   0   0   0   0   0   0   0        
PI    27 -59   0   0   0   0   0   0   0   0   0   0   0   0   0   0   0        
PI    25 -59   0   0   0   0   0   0   0   0   0   0   0   0   0   0   0        
PI    23 -59   0   0   0   0   0   0   0   0   0   0   0   0   0   0   0        
PI    21 -59   0   0   0   0   0   0   0   0   0   0   0   0   0   0   0        
PI    19 -59   0   0   0   0   0   0   0   0   0   0   0   0   0   0   0        
PI    17 -59   0   0   0   0   0   0   0   0   0   0   0   0   0   0   0        
PI    15 -59   0   0   0   0   0   0   0   0   0   0   0   0   0   0   0        
PI    13 -59   1   0   0   0   0   0   0   0   0   0   0   0   0   0   0        
PI    11 -59   0   0   0   0   0   0   0   0   0   0   0   0   0   0   0        
PI     9 -59  15   1   0   0   0   0   0   0   0   0   0   0   0   0   0        
PI     7 -59  24  21  18  12   0   0   0   0   0   0   0   0   0   0   0        
PI     5 -59  14   9   4   9  13   4   0   0   0   0   4   0   0   0   0        
PI     3 -59  19  19  19   9  19  16   2   0   0   0   9   0   0   0   0        
PI     1 -59  19  19  19  19  19  19   8   1   0   0   0   0   0   0   0        
PI    -1 -59   4  14  14   9   9  14   4   4   2   0   0   0   0   0   0        
PI    -3 -59   9  14   9  19  19   9   9   4   9   8   0   0   0   0   0        
PI    -5 -59  19  14   9  19  19  19   9   4   9   9   3   4   3   0   0        
PI    -7 -59   9   9  19  19  19  19   9   9   4   4   4   4  24   0   0        
PI    -9 -59  14  19  19  19  19  19   9   9   4   4   4   4   4   0   0        
PI   -11 -59  19  19  19  19  19   9  14   9   4   4   4   2   0   0   0        
PI   -13 -59  19  19  19  19   9  19  19   9   4   4   3   4   0   0   0        
PI   -15 -59  19  19  19  19   9  19  19   9   4   4   3   0   0   0   0        
PI   -17 -59   4  19  19  19   9  19  19   4   4   4   3   1   0   0   0        
PI   -19 -59  39  19  19  19   9   9  19   9   4   4   9   2   0   0   0        
PI   -21 -59  69  29  14   9   9  14  19   9   4   9   4   2   0   0   0        
PI   -23 -59  69  69   9   9   9  19  14   9  18  12   0   0   0   0   0        
PI   -25 -59  74  74  19  19  59  19  29  18   3   0   0   0   0   0   0        
PI   -27 -59  79  74  69  24  29  29  19   0   0   0   0   0   0   0   0        
PI   -29 -59  79  74  69  24  14  27   4   0   0   0   0   0   0   0   0        
PI   -31 -59  79  74  29   9  29  10   0   0   0   0   0   0   0   0   0        
PI   -33 -59  74  74  29  29  19   0   0   0   0   0   0   0   0   0   0        
PI   -35 -59  69  39  29  25   3   0   0   0   0   0   0   0   0   0   0        
PI   -37 -59  74  39  22   4   0   0   0   0   0   0   0   0   0   0   0        
PI   -39 -59  39  36   6   0   0   0   0   0   0   0   0   0   0   0   0        
PI   -41 -59  38  20   0   0   0   0   0   0   0   0   0   0   0   0   0        
PI   -43 -59  24   0   0   0   0   0   0   0   0   0   0   0   0   0   0        
PI   -45 -59   6   0   0   0   0   0   0   0   0   0   0   0   0   0   0        
PI   -47 -59   0   0   0   0   0   0   0   0   0   0   0   0   0   0   0        
PI   -49 -59   7   0   0   0   0   0   0   0   0   0   0   0   0   0   0        
PI   -51 -59  30  22   0   0   0   0   0   0   0   0   0   0   0   0   0        
PI   -53 -59   0   0   0   0   0   0   0   0   0   0   0   0   0   0   0        
PI   -55 -59   0   0   0   0   0   0   0   0   0   0   0   0   0   0   0        
PI    83 -29   0   0   0   0   0   0   0   0   0   0   0   0   0   0   0        
PI    81 -29   0   0   0   0   0   0   0   0   0   0   0   0   0   0   0        
PI    79 -29   0   0   0   0   0   0   0   0   0   0  15  55   0   0   0        
PI    77 -29   0   0   0   0   0   0   0   0  30  60  65   0   0   0   0        
PI    75 -29   0   0   0   0   0   0  55  35  65   0   0   0   0   0   0        
PI    73 -29   0   0   0   0   0  30  70   0   0   0   0   0   0   0   0        
PI    71 -29   0   0   0   0   0  65   0   0   0   0   0   0   0   0   0        
PI    69 -29   0   0  30  65  75  10   0   0   0   0   0   0   0   0   0        
PI    67 -29  10  50  50  35  25  25  25  35  50  75   0   0   0   0   0        
PI    65 -29 100  40   0   0   0   0   0   0   5  60   0   0   0   0   0        
PI    63 -29   0   0  40  14   5  10  10  50   0   0  10  13   6   0   0        
PI    61 -29   0   0   0   0   0   0   0   0   0   0   0   8   5  10   0        
PI    59 -29   0   0   0   0   0   0   0   0   0   0   8  14   0   0   0        
PI    57 -29   0   0   0   0   0   0   0   0   0   0   0   0   0   0   0        
PI    55 -29   0   0   0   0   0   0   0   0   0   8   0   0   0   0   0        
PI    53 -29   0   0   0   0   0   0   0   0   0  22   6  21   2   4  20        
PI    51 -29   0   0   0   0   0   0   0   0   0  22  40  45  23  27  32        
PI    49 -29   0   0   0   0   0   0   0   0   0   7  30  38  28  68  79        
PI    47 -29   0   0   0   0   0   0   0   0   0   0   0   7  19  68  78        
PI    45 -29   0   0   0   0   0   0   0   0   0   0   0   0   0  12  27        
PI    43 -29   0   0   0   0   0   0   0   0   0   0  18  27  24  21  28        
PI    41 -29   0   0   0   0   0   0   0   0   0   0  22  28  28  28  28        
PI    39 -29   0   0   0   0   0   0   0   0   0   0  22  28  28  28  28        
PI    37 -29   0   0   0   0   0   0   0   0   0   0  10  28  34  24  10        
PI    35 -29   0   0   0   0   0   0   0   0   0   0   0  24  45  36  37        
PI    33 -29   0   0   0   0   0   0   0   0   0   0  30  49  49  89  89        
PI    31 -29   0   0   0   0   0   0   0   0   0  12  49  59  99  99 100        
PI    29 -29   0   0   0   0   0   0   0  10  60  70  99  99 100 100 100        
PI    27 -29   0   0   0   0   0   0   0  10  80 100  99  99 100 100 100        
PI    25 -29   0   0   0   0   0   0  15  85 100  99 100 100 100 100 100        
PI    23 -29   0   0   0   0   0   0  50 100 100 100 100 100 100 100 100        
PI    21 -29   0   0   0   0   0   0  75 100 100 100 100 100 100 100 100        
PI    19 -29   0   0   0   0   0   0  50 100 100 100 100 100 100 100 100        
PI    17 -29   0   0   0   0   0   0  24  79  79  80 100 100 100 100 100        
PI    15 -29   0   0   0   0   0   0  30  49  49  59  90  69  98  98  69        
PI    13 -29   0   0   0   0   0   0  21  34  59  59  69  58  67  70  59        
PI    11 -29   0   0   0   0   0   0  11  19  29  39  39  69  49  69  69        
PI     9 -29   0   0   0   0   0   0   2  10  24  29  29  29  39  39  39        
PI     7 -29   0   0   0   0   0   0   0   1   7  17  19  19  29  29  29        
PI     5 -29   0   0   0   0   0   0   0   0   0   3   9  11  10  12  15        
PI     3 -29   0   0   0   0   0   0   0   0   0   0   0   0   0   0   0        
PI     1 -29   0   0   0   0   0   0   0   0   0   0   0   0   0   0   0        
PI    -1 -29   0   0   0   0   0   0   0   0   0   0   0   0   0   0   0        
PI    -3 -29   0   0   0   0   0   0   0   0   0   0   0   0   0   0   0        
PI    -5 -29   0   0   0   0   0   0   0   0   0   0   0   0   0   0   0        
PI    -7 -29   0   0   0   0   0   0   0   0   0   0   0   0   0   0   0        
PI    -9 -29   0   0   0   0   0   0   0   0   0   0   0   0   0   0   0        
PI   -11 -29   0   0   0   0   0   0   0   0   0   0   0   0   0   0   0        
PI   -13 -29   0   0   0   0   0   0   0   0   0   0   0   0   0   0   0        
PI   -15 -29   0   0   0   0   0   0   0   0   0   0   0   0   0   0   0        
PI   -17 -29   0   0   0   0   0   0   0   0   0   0   0   0   0   0   0        
PI   -19 -29   0   0   0   0   0   0   0   0   0   0   0   0   0   0   0        
PI   -21 -29   0   0   0   0   0   0   0   0   0   0   0   0   0   0   0        
PI   -23 -29   0   0   0   0   0   0   0   0   0   0   0   0   0   0   0        
PI   -25 -29   0   0   0   0   0   0   0   0   0   0   0   0   0   0   0        
PI   -27 -29   0   0   0   0   0   0   0   0   0   0   0   0   0   0   0        
PI   -29 -29   0   0   0   0   0   0   0   0   0   0   0   0   0   0   0        
PI   -31 -29   0   0   0   0   0   0   0   0   0   0   0   0   0   0   0        
PI   -33 -29   0   0   0   0   0   0   0   0   0   0   0   0   0   0   0        
PI   -35 -29   0   0   0   0   0   0   0   0   0   0   0   0   0   0   0        
PI   -37 -29   0   0   0   0   0   0   0   0   0   0   0   0   0   0   0        
PI   -39 -29   0   0   0   0   0   0   0   0   0   0   0   0   0   0   0        
PI   -41 -29   0   0   0   0   0   0   0   0   0   0   0   0   0   0   0        
PI   -43 -29   0   0   0   0   0   0   0   0   0   0   0   0   0   0   0        
PI   -45 -29   0   0   0   0   0   0   0   0   0   0   0   0   0   0   0        
PI   -47 -29   0   0   0   0   0   0   0   0   0   0   0   0   0   0   0        
PI   -49 -29   0   0   0   0   0   0   0   0   0   0   0   0   0   0   0        
PI   -51 -29   0   0   0   0   0   0   0   0   0   0   0   0   0   0   0        
PI   -53 -29   0   0   0   0   0   0   0   0   0   0   0   0   0   0   0        
PI   -55 -29   0   0   0   0   0   0   0   0   0   0   0   0   0   0   0        
