PK    83   1   0   0   0   0   0   0   0   0   0   0   0   0   0   0   0        
PK    81   1   0   0   0   0   0   0   0   0   0   0   0   0   0   0   0        
PK    79   1   0   0   0   0   0   0   0   0   0   0   0   0   0   0   0        
PK    77   1   0   0   0   0   0   0   0   0   0   0   0   0   0   0   0        
PK    75   1   0   0   0   0   0   0   0   0   0   0   0   0   0   0   0        
PK    73   1   0   0   0   0   0   0   0   0   0   0   0   0   0   0   0        
PK    71   1   0   0   0   0   0   0   0   0   0   0   0   0   0   0   0        
PK    69   1   0   0   0   0   0   0   0   0   0   0   0   0   0   0   0        
PK    67   1   0   0   0   0   0   0   0   0   0   0   0   0   0   0   0        
PK    65   1   0   0   0   0   0   0   0   0   0   0   0   0   0   0   0        
PK    63   1   0   0   0   0   0   0   0   0   0   0   0   0   0   0   0        
PK    61   1   0   0   0   0   0   0   0   0   0   0   0   0   0   0   0        
PK    59   1   0   0   0   0   0   0   0   0   0   0   0   0   0   0   0        
PK    57   1   0   0   0   0   0   0   0   0   0   0   0   0   0   0   0        
PK    55   1   0   0  24  24  12   0   0   0   0   0   0   0   0   5   2        
PK    53   1   0  36  48  48  48  17   0   0   0   0   0   0  12  48  48        
PK    51   1  24  21  21  21  21  21   2   0   0  20  21  21  20  30  48        
PK    49   1  21  21  30  21  21  30  30  21  21  21  21  48  21  21  30        
PK    47   1  21  30  57  16  44  44  43  45  21  21  21  48  59  59  30        
PK    45   1  59  57  57  46  48  56  48  48  48  59  54  48  50  21  34        
PK    43   1  56  48  30  17  18  48  59  59  48  54  59  59  59  52   7        
PK    41   1  44   8   0   0  39   3  21  48  42  42  59  57  45  51  38        
PK    39   1  18  18   3   0  27   0   6   9  21   6  48  42  18  54  59        
PK    37   1  15  24  27  30  39  30  24  39   3   0  15  30  18  33  48        
PK    35   1  50  50  30  59  49  59  30   0   0   0   0   6  15   6   0        
PK    33   1  20  20   0   0   0   0   0   0   0   0   0   0   0   0   0        
PK    31   1   0   0   0   0   0   0   0   0   0   0   0   0   0   0   0        
PK    29   1   0   0   0   0   0   0   0   0   0   0   0   0   0   0   0        
PK    27   1   0   0   0   0   0   0   0   0   0   0   0   0   0   0   0        
PK    25   1   0   0  20  20   0   0   0   0   0   0   0   0   0   0   0        
PK    23   1   0   0  20  20   0   0   0   0   0   0   0   0   0   0   0        
PK    21   1   0   0   0   0   0   0   0   0  20  20   0   0   0   0   0        
PK    19   1   0   0   0   0   0   0   0   0   0  20   0   0   0   0   0        
PK    17   1   0   0   0   0   0   0   0   0   0   0   0   0   0   0   0        
PK    15   1   0   0   0   0   0   0   0   0   0   0   0   0   0   0   0        
PK    13   1  31  31  31  31  30  30  30  29  30  31  41  31  30  31  25        
PK    11   1  31  31  31  40  40  40  40  41  40  41  40  41  41  41  40        
PK     9   1  60  59  59  59  60  59  60  59  59  59  59  50  50  50  38        
PK     7   1  67  68  68  68  69  74  74  64  65  70  60  60  60  60  49        
PK     5   1  64   0  40  78  83  78  76  68  69  68  59  68  69  70  59        
PK     3   1   0   0   0   8  39  89  89  81  76  68  68  69  69  75  69        
PK     1   1   0   0   0   4  30  88  89  83  76  68  68  69  74  79  79        
PK    -1   1   0   0   0   0  56  84  85  72  72  68  68  69  74  80  67        
PK    -3   1   0   0   0   0  20  72  78  69  57  68  70  69  85  80  67        
PK    -5   1   0   0   0   0   0  38  68  59  57  68  68  69  80  74  67        
PK    -7   1   0   0   0   0   0   0  60  59  59  68  64  69  70  69  67        
PK    -9   1   0   0   0   0   0   0  45  59  60  50  69  68  67  63  67        
PK   -11   1   0   0   0   0   0   0  21  59  60  50  49  59  59  59  57        
PK   -13   1   0   0   0   0   0   0  18  40  50  55  59  57  69  68  69        
PK   -15   1   0   0   0   0   0   0  18  40  50  55  59  57  69  68  68        
PK   -17   1   0   0   0   0   0   0   0  40  40  50  59  57  67  68  78        
PK   -19   1   0   0   0   0   0   0   0  30  30  30  40  54  68  69  74        
PK   -21   1   0   0   0   0   0   0   0  10  15  75  25  20  29  48  80        
PK   -23   1   0   0   0   0   0   0   0   0  15  10  19  20  20  40  74        
PK   -25   1   0   0   0   0   0   0   0   0   0  10  20  20  20  45  70        
PK   -27   1   0   0   0   0   0   0   0   0   0  15  20  20  20  50  69        
PK   -29   1   0   0   0   0   0   0   0   9  20  15  25  20  40  50  69        
PK   -31   1   0   0   0   0   0   0   0   0  15  30  30  20  49  50  63        
PK   -33   1   0   0   0   0   0   0   0   0  13  49  30  30  49  51  10        
PK   -35   1   0   0   0   0   0   0   0   0   0  25  48  39  18   6   0        
PK   -37   1   0   0   0   0   0   0   0   0   0   3  30   0   0   0   0        
PK   -39   1   0   0   0   0   0   0   0   0   0   0   0   0   0   0   0        
PK   -41   1   0   0   0   0   0   0   0   0   0   0   0   0   0   0   0        
PK   -43   1   0   0   0   0   0   0   0   0   0   0   0   0   0   0   0        
PK   -45   1   0   0   0   0   0   0   0   0   0   0   0   0   0   0   0        
PK   -47   1   0   0   0   0   0   0   0   0   0   0   0   0   0   0   0        
PK   -49   1   0   0   0   0   0   0   0   0   0   0   0   0   0   0   0        
PK   -51   1   0   0   0   0   0   0   0   0   0   0   0   0   0   0   0        
PK   -53   1   0   0   0   0   0   0   0   0   0   0   0   0   0   0   0        
PK   -55   1   0   0   0   0   0   0   0   0   0   0   0   0   0   0   0        
PK    83  31   0   0   0   0   0   0   0   0   0   0   0   0   0   0   0        
PK    81  31   0   0   0   0   0   0   0   0   0   0   0   0   0   0   0        
PK    79  31   0   0   0   0   0   0   0  14  12  11  11  10  10   9  16        
PK    77  31   0   0   0   0   0   0   0   0   0  16  16  16  16  16  16        
PK    75  31   0   0   0   0   0   0   0   0   0  16  16  16  16  16  16        
PK    73  31   0   0   0   0   0   0   0   0   0  24  24  24  16  16  16        
PK    71  31   0   0   0   0   0   0   0   0   0  32  32  32  24  24  24        
PK    69  31   0   0   0   0   0   0   0   0   0  40  40  48  32  32  33        
PK    67  31   0   0   0   0   0   0   0   0  64  40  48  48  40  40  40        
PK    65  31   0   0   0   0   0   0   0   0  24  40  48  48  40  42  15        
PK    63  31   0   0   0   0   0   0   0   0  32  40  48  56  48  48  10        
PK    61  31   0   0   0   0   0   0   0   0  32  56  56  63  48  48  42        
PK    59  31   0   0   0   0   0  24  24  24  40  56  63  63  48  48  60        
PK    57  31   0   0   0   0   0  40  40  32  45  56  67  70  54  63  67        
PK    55  31   2  17  24  24  24  32  45  32  48  67  60  59  54  67  70        
PK    53  31  48  38  57  32  38  38  49  38  50  57  19  18  55  67  70        
PK    51  31  48  40  40  49  40  40  40  25  11   8   0   0  40  49  59        
PK    49  31  21  40  40  40  40  40  40   5   0   0   0   0  23  40  50        
PK    47  31  17  39  35  25  31  25  27   7   0   0   0   0   8  40  43        
PK    45  31   7  11  18  15  35  50  39  23   3   0   9   7  13  30   8        
PK    43  31   0   0   0   0   5  18  18  39  33   0  11  26  30  30  26        
PK    41  31  29  44  46  28  21  25  45  45  44  23   5  10  25  30  30        
PK    39  31  57  59  54  54  56  46  45  46  45  25   0   7  40  21  21        
PK    37  31  41  53  39  57  50  40  50  49  49  38  18  13  37  28  30        
PK    35  31   0  11  10  50  40  40  40  49  49  50  43  29  13  20  33        
PK    33  31   0   0  15  20  20  20  20  20  20  50  40  40  31  35  24        
PK    31  31   0  15  17   0   0   0   0  10  10  40  30  37  29  35  13        
PK    29  31   0   0   0   0   0   0   0   0   0  40  20  28  28  40  33        
PK    27  31   0   0   0   0   0   0   0   0   0  36  25  20  40  30  33        
PK    25  31   0   0   0   0   0   0   0   0   0  40  40  15  30  15  14        
PK    23  31   0   0   0   0   0   0   0   0   0  30  40  15  25  25  30        
PK    21  31   0   0   0   0   0   0   0   0   0  40  40  15   5  15  26        
PK    19  31   0   0   0   0   0   0  10   0   0  40  40  15  25  30   6        
PK    17  31   0   0   0   0   0   0  10  10   0  40  40  23  12   5   0        
PK    15  31   0   0   0   0  30  18   9  10  10  24  15   4   0   0   0        
PK    13  31  31  20  20  20  30   5   9   6   4   0   0  10   0   0   0        
PK    11  31  40  40  40  40  40  20   9   4   4   0   0   2   0   0   0        
PK     9  31  40  40  70  70  70  50  40  20  10   0   0   0   0   0   0        
PK     7  31  49  40  70  70  69  50  30  20  10   0   0   0   0   0   0        
PK     5  31  59  49  60  40  60  35  10  10  10   3   0   0   0   0   0        
PK     3  31  67  59  50  20  20  30  20  20   5   0   0   0   0   0   0        
PK     1  31  72  70  70  50  10  20  26  16   0   0   0   0   0   0   0        
PK    -1  31  75  72  70  70  20  45  12   0   0   0   0   0   0   0   0        
PK    -3  31  70  70  70  82  50  20   0   0   0   0   0   0   0   0   0        
PK    -5  31  70  70  60  40  56   0   0   0   0   0   0   0   0   0   0        
PK    -7  31  67  70  60  59  53   0   0   0   0   0   0   0   0   0   0        
PK    -9  31  60  70  70  70  60   7   0   0   0   0   0   0   0   0   0        
PK   -11  31  60  60  57  70  70  18   0   0   0   0   0   0   0   0   0        
PK   -13  31  69  74  67  69  69  28   0   0  18  60   0   0   0   0   0        
PK   -15  31  69  74  67  69  70  21   0  18  35  69  11   0   0   0   0        
PK   -17  31  70  69  73  67  35   7  25  69  69  67  11   0   0   0   0        
PK   -19  31  75  74  69  35   0   0  14  69  69  46   0   0   0   0   0        
PK   -21  31  80  73  63   4   0   0  12  60  69  21   0   0   0   0   0        
PK   -23  31  68  74  60   0   0   0  14  40  60   0   0   0   0   0   0        
PK   -25  31  70  56  25   0   0   0   8  36  30   0   0   0   0   0   0        
PK   -27  31  69  32   0   0   0   0   0   4   0   0   0   0   0   0   0        
PK   -29  31  60  15   0   0   0   0   0   0   0   0   0   0   0   0   0        
PK   -31  31  10   0   0   0   0   0   0   0   0   0   0   0   0   0   0        
PK   -33  31   0   0   0   0   0   0   0   0   0   0   0   0   0   0   0        
PK   -35  31   0   0   0   0   0   0   0   0   0   0   0   0   0   0   0        
PK   -37  31   0   0   0   0   0   0   0   0   0   0   0   0   0   0   0        
PK   -39  31   0   0   0   0   0   0   0   0   0   0   0   0   0   0   0        
PK   -41  31   0   0   0   0   0   0   0   0   0   0   0   0   0   0   0        
PK   -43  31   0   0   0   0   0   0   0   0   0   0   0   0   0   0   0        
PK   -45  31   0   0   0   0   0   0   0   0   0   0   0   0   0   0   0        
PK   -47  31   0   0   0   0   0   0   0   0   0   0   0   0   0   0   0        
PK   -49  31   0   0   0   0   0   0   0   0   0   0   0   0   0   0   0        
PK   -51  31   0   0   0   0   0   0   0   0   0   0   0   0   0   0   0        
PK   -53  31   0   0   0   0   0   0   0   0   0   0   0   0   0   0   0        
PK   -55  31   0   0   0   0   0   0   0   0   0   0   0   0   0   0   0        
PK    83  61   0   0   0   0   0   0   0   0   0   0   0   0   0   0   0        
PK    81  61   0   0   0   0   0   0   0   0   0   0   0   0   0   0   0        
PK    79  61  14  16  16  16  16  16  16  16  16  16   0   0   0   0   0        
PK    77  61  16  16  16  16  16  16  16  16  16  16   0   0   0   0   0        
PK    75  61  16  16  16  16  16  16  16  16  16  16   0   0   0   0   0        
PK    73  61  24  16  16  16  16  16  16  16  16  16   0   0   0   0   0        
PK    71  61  32  24  16  16  16  16  16  16  16  16   0   0   0   0   0        
PK    69  61  32  22  15  12  24  24  24  24  32   0   0   0   0   0   0        
PK    67  61  23   0   0   8  32  32  32  32  32  32  24  40   0   0   0        
PK    65  61   3  24  28  30  40  40  40  40  40  40  24  56  52  24   0        
PK    63  61  24  54  40  40  48  48  40  40  40  48  32  64  56  48  30        
PK    61  61  45  54  40  48  48  48  48  48  48  48  40  72  63  63  63        
PK    59  61  54  54  48  56  48  48  48  48  48  48  48  57  63  63  59        
PK    57  61  63  63  54  56  56  56  56  63  69  54  57  57  63  69  50        
PK    55  61  63  67  63  63  56  56  63  63  63  63  67  68  76  60  50        
PK    53  61  67  67  63  67  63  50  67  57  49  49  67  50  79  60  50        
PK    51  61  49  50  63  40  57  30  50  50  30  40  67  50  49  60  42        
PK    49  61  50  49  50  20  50  20  30  20  30  20  50  50  49  50  37        
PK    47  61  28  99  20  20  20  20  20  15  13  11  15  23  42  50  24        
PK    45  61  13  40  20  20  20  20  30   9  10  20  25  22  47  40  28        
PK    43  61  45  20  20  20  20  34  30  26  37  37  22  27  36  40  44        
PK    41  61  30  20  31  30  27  42  42  36  30  34  25  16   7  13  23        
PK    39  61  10  20  30  36  47  37  40  47  50  20  23  19  22  27  27        
PK    37  61  30  30  40  50  42  45  45  42  37  34  34  36  36  40  38        
PK    35  61  39  30  45  60  50  47  45  42  45  84  36  34  34  34  32        
PK    33  61  24  30  50  54  45  49  60  59  67  56  51  51  51  51  56        
PK    31  61  19  30  35  65  45  49  55  49  69  62  59  56  56  55  55        
PK    29  61  24  25  45  65  20  40  40  40  55  70  70  59  56  59  59        
PK    27  61  23  25  30  64  49  20  60  70  70  69  69  65  70  66  66        
PK    25  61  13  13  10  59  53  40  70  70  70  59  69  60  60  69  74        
PK    23  61   0   0   0  33  60  60  60  75  75  75  70  70  70  78  72        
PK    21  61   0   0   0   0  33  70  69  75  75  75  70  60  70  68  57        
PK    19  61   0   0   0   0  12  60  74  70  75  75  70  70  63   7   0        
PK    17  61   0   0   0   0   0  14  68  74  75  75  54  51   0   0   0        
PK    15  61   0   0   0   0   0   0  38  75  75  75  19   0   0   0   0        
PK    13  61   0   0   0   0   0   0  14  68  75  75  21   0   0   0   0        
PK    11  61   0   0   0   0   0   0   0  38  75  74  18   0   0   0   0        
PK     9  61   0   0   0   0   0   0   0   7  64  53  52   0   0   0   0        
PK     7  61   0   0   0   0   0   0   0   0  15  15  63   0   0   0   0        
PK     5  61   0   0   0   0   0   0   0   0   0   0   0   0   0   0   0        
PK     3  61   0   0   0   0   0   0   0   0   0   0   0   0   0   0   0        
PK     1  61   0   0   0   0   0   0   0   0   0   0   0   0   0   0   0        
PK    -1  61   0   0   0   0   0   0   0   0   0   0   0   0   0   0   0        
PK    -3  61   0   0   0   0   0   0   0   0   0   0   0   0   0   0   0        
PK    -5  61   0   0   0   0   0   0   0   0   0   0   0   0   0   0   0        
PK    -7  61   0   0   0   0   0   0   0   0   0   0   0   0   0   0   0        
PK    -9  61   0   0   0   0   0   0   0   0   0   0   0   0   0   0   0        
PK   -11  61   0   0   0   0   0   0   0   0   0   0   0   0   0   0   0        
PK   -13  61   0   0   0   0   0   0   0   0   0   0   0   0   0   0   0        
PK   -15  61   0   0   0   0   0   0   0   0   0   0   0   0   0   0   0        
PK   -17  61   0   0   0   0   0   0   0   0   0   0   0   0   0   0   0        
PK   -19  61   0   0   0   0   0   0   0   0   0   0   0   0   0   0   0        
PK   -21  61   0   0   0   0   0   0   0   0   0   0   0   0   0   0   0        
PK   -23  61   0   0   0   0   0   0   0   0   0   0   0   0   0   0   0        
PK   -25  61   0   0   0   0   0   0   0   0   0   0   0   0   0   0   0        
PK   -27  61   0   0   0   0   0   0   0   0   0   0   0   0   0   0   0        
PK   -29  61   0   0   0   0   0   0   0   0   0   0   0   0   0   0   0        
PK   -31  61   0   0   0   0   0   0   0   0   0   0   0   0   0   0   0        
PK   -33  61   0   0   0   0   0   0   0   0   0   0   0   0   0   0   0        
PK   -35  61   0   0   0   0   0   0   0   0   0   0   0   0   0   0   0        
PK   -37  61   0   0   0   0   0   0   0   0   0   0   0   0   0   0   0        
PK   -39  61   0   0   0   0   0   0   0   0   0   0   0   0   0   0   0        
PK   -41  61   0   0   0   0   0   0   0   0   0   0   0   0   0   0   0        
PK   -43  61   0   0   0   0   0   0   0   0   0   0   0   0   0   0   0        
PK   -45  61   0   0   0   0   0   0   0   0   0   0   0   0   0   0   0        
PK   -47  61   0   0   0   0   8   8   0   0   0   0   0   0   0   0   0        
PK   -49  61   0   0   0   0  35  23   0   0   0   0   0   0   0   0   0        
PK   -51  61   0   0   0   0   5   0   0   0   0   0   0   0   0   0   0        
PK   -53  61   0   0   0   0   0   0  15   0   0   0   0   0   0   0   0        
PK   -55  61   0   0   0   0   0   0   0   0   0   0   0   0   0   0   0        
PK    83  91   0   0   0   0   0   0   0   0   0   0   0   0   0   0   0        
PK    81  91   0   0   0   0   0   0   0   0   0   0   0   0   0   0   0        
PK    79  91  67   0   0   0   0   0   0   0   0   0   0   0   0   0   0        
PK    77  91   0   0   0   0   0   0   0   0   0   0   0   0   8   7   6        
PK    75  91   0   0   0   0   0   0   0   0   0   0   0   0  10  20  20        
PK    73  91   0   0   0   0   0   0   0   0   0   0  27  30  30  40  30        
PK    71  91   0   0   0   0   0   0   0   0   0   0  37  40  40  50  40        
PK    69  91   0   0   0   0   0   0   0   0   0   0  59  50  60  70  50        
PK    67  91   0   0   0   0   0  49  52   0  30  30  70  70  70  80  60        
PK    65  91   0   0   0   0  64  60  63  10  49  49  74  80  80  80  80        
PK    63  91  24  24  24  64  64  70  70  49  79  69  69  80  80  80  80        
PK    61  91  50  40  48  64  64  69  80  75  80  80  70  80  80  80  80        
PK    59  91  54  54  54  64  64  69  70  80  60  64  52  68  52  52  72        
PK    57  91  69  63  54  64  64  70  60  70  59  21  26  40  56  60  64        
PK    55  91  50  50  50  50  70  70  60  60  59  38  22  64  68  76  76        
PK    53  91  50  50  47  40  42  59  49  49  40  55  40  80  80  80  80        
PK    51  91  45  47  47  39  37  56  35  42  38  69  70  70  70  60  60        
PK    49  91  54  49  49  50  50  60  45  54  30  54  47  50  50  45  50        
PK    47  91  45  48  28  50  50  36  30  50  20  36  50  40  30  45  49        
PK    45  91  40  40  30  40  30  40  30  20  20  20  30  30  25  45  40        
PK    43  91  38  38  29  40  30  30  30  20  20  30  35  30  30  45  40        
PK    41  91  33  40  30  30  30  20  20  20  20  40  50  50  29  50  40        
PK    39  91  27  40  36  43  45  30  20  30  30  50  50  50  38  45  13        
PK    37  91  36  40  47  48  45  48  50  50  50  50  50  50  40  28  25        
PK    35  91  40  38  45  42  45  45  60  48  48  50  50  49  49  49  49        
PK    33  91  44  57  38  50  37  38  48  59  65  70  69  69  69  66  75        
PK    31  91  50  66  58  54  54  45  48  65  65  59  69  59  74  74  74        
PK    29  91  47  45  52  52  57  62  59  69  65  64  69  59  74  64  74        
PK    27  91  66  75  70  60  56  52  50  74  64  69  74  74  74  64  75        
PK    25  91  75  75  70  75  66  75  60  69  70  69  69  65  74  69  75        
PK    23  91  70  75  75  75  70  75  69  70  70  69  74  74  74  74  57        
PK    21  91  63  69  75  75  70  70  69  70  74  69  74  72  53  15   0        
PK    19  91   0  32  74  75  70  70  70  70  75  69  57  15   0   0   0        
PK    17  91   0  11  54  75  70  65  75  69  74  57   8   0   0   0   4        
PK    15  91  22  21  49  75  70  70  75  70  75  53   0   0   0   0   4        
PK    13  91   0  25   0  53  75  70  75  69  75  57   0   0   0   0   8        
PK    11  91   0  18   0  27  74  70  75  70  74  57   0   0   0  19  42        
PK     9  91   0  14   0  19  75  75  74  75  75  38   0   0   0  27  23        
PK     7  91   0  63   0   8  68  69  74  75  75  45   0   0  38  66  23        
PK     5  91   0   0  25  57  74  69  74  75  75  75  57  53  64  74  45        
PK     3  91   0   0   7  49  73  75  74  75  75  75  75  74  75  74  15        
PK     1  91   0   0   0  19  68  70  74  75  75  75  75  74  75  64  38        
PK    -1  91   0   0   0   0  30  69  73  75  75  75  75  74  74  60  27        
PK    -3  91   0   0   0   0   8  60  72  75  75  75  72  74  74  57  38        
PK    -5  91   0   0   0   0   0  28  23  59  75  65  70  74  74  45  49        
PK    -7  91   0   0   0   0   0   0   0  19  49  62  65  75  53  19  38        
PK    -9  91   0   0   0   0   0   0   0   0   0   0  11  19  38  30  38        
PK   -11  91   0   0   0   0   0   0   0   4   0   0   0   0   0   0   0        
PK   -13  91   0   0   0   0   0   0   0   0   0   0   0   0   0   0   0        
PK   -15  91   0   0   0   0   0   0   0   0   0   0   0   0   0   0   0        
PK   -17  91   0   0   0   0   0   0   0   0   0   0   0   0   0   0   0        
PK   -19  91   0   0   0   0   0   0   0   0   0   0   0   0   5  25  40        
PK   -21  91   0   0   0   0   0   0   0   0   0   0   0   5  35  50  50        
PK   -23  91   0   0   0   0   0   0   0   0   0   0   0  18  50  50  50        
PK   -25  91   0   0   0   0   0   0   0   0   0   0   0  40  50  50  50        
PK   -27  91   0   0   0   0   0   0   0   0   0   0   0  15  50  40  50        
PK   -29  91   0   0   0   0   0   0   0   0   0   0   0   8  36  50  40        
PK   -31  91   0   0   0   0   0   0   0   0   0   0   0   0  15  50  40        
PK   -33  91   0   0   0   0   0   0   0   0   0   0   0   0  33  60  50        
PK   -35  91   0   0   0   0   0   0   0   0   0   0   0   0  18  39  25        
PK   -37  91   0   0   0   0   0   0   0   0   0   0   0   0   0   0   0        
PK   -39  91   0   0   0   0   0   0   0   0   0   0   0   0   0   0   0        
PK   -41  91   0   0   0   0   0   0   0   0   0   0   0   0   0   0   0        
PK   -43  91   0   0   0   0   0   0   0   0   0   0   0   0   0   0   0        
PK   -45  91   0   0   0   0   0   0   0   0   0   0   0   0   0   0   0        
PK   -47  91   0   0   0   0   0   0   0   0   0   0   0   0   0   0   0        
PK   -49  91   0   0   0   0   0   0   0   0   0   0   0   0   0   0   0        
PK   -51  91   0   0   0   0   0   0   0   0   0   0   0   0   0   0   0        
PK   -53  91   0   0   0   0   0   0   0   0   0   0   0   0   0   0   0        
PK   -55  91   0   0   0   0   0   0   0   0   0   0   0   0   0   0   0        
PK    83 121   0   0   0   0   0   0   0   0   0   0   0   0   0   0   0        
PK    81 121   0   0   0   0   0   0   0   0   0   0   0   0   0   0   0        
PK    79 121   0   0   0   0   7   0   3   3   3   5   7   8   8   7   7        
PK    77 121   6   7   6  14  20  20  20  20  20  10  10  10  10  10  10        
PK    75 121  20  20  20  20  30  30  30  30  30  10  10  10  10  10  20        
PK    73 121  30  30  30  30  50  40  40  40  40  20  20  30  20  30  30        
PK    71 121  40  40  40  40  50  50  50  49  50  40  40  39  30  30  30        
PK    69 121  50  45  15  35  22  54  24  60  49  50  40  49  40  40  40        
PK    67 121  60  48  12  35  30  57  70  60  50  32  35  47  48  40  49        
PK    65 121  70  70  55  52  32  23  59  36  50  32  35  47  40  22  24        
PK    63 121  80  70  79  80  60  66  56  62  51  25  30  29  29  47  39        
PK    61 121  80  70  70  70  69  70  70  79  51  32  35  37  29  37  49        
PK    59 121  68  80  80  80  80  80  80  80  80  55  50  50  47  44  47        
PK    57 121  40  80  80  80  57  68  67  80  48  57  54  42  23  33  30        
PK    55 121  80  80  80  80  64  45  56  75  80  60  45  32   0   0   0        
PK    53 121  80  80  79  79  80  80  68  56  80  70  70  60   4   0   0        
PK    51 121  70  59  70  70  80  80  68  55  80  80  70  66  18   0   0        
PK    49 121  60  50  59  60  79  80  80  76  78  72  49  56  35   0   0        
PK    47 121  50  59  59  60  79  60  80  80  48  40  18  56  14   0   0        
PK    45 121  50  50  50  59  69  79  60  51  32   0  39  60  14  18  14        
PK    43 121  50  50  50  59  69  64  52  28   0   4  56  56  42  18   0        
PK    41 121  35  35  60  59  44   0   0   0   0   8  64   8   0   0   0        
PK    39 121   5  45  49  70  28   0   0   0   0  39  72   4   0   0   0        
PK    37 121  40  50  59  70  60   0   8   4  56  64  48   0   0   0   0        
PK    35 121  49  49  57  70  76  68  72  72  64  40  16   0   0   0   0        
PK    33 121  74  75  85  80  56  76  40  20   4   0   0   0   0   0   0        
PK    31 121  74  75  85  64  16  40   0   0   0   0   0   0   0   0   0        
PK    29 121  69  75  85  40   4   0   0   0   0   0   0   0   0   0   0        
PK    27 121  74  75  43  16   8   0   0   0   0   0   0   0   0   0   0        
PK    25 121  64  15   9   0   0   0   0   0   0   0   0   0   0   0   0        
PK    23 121  45   0   0   0   0   0   0   0   0   0   0   0   0   0   0        
PK    21 121  15   0   0   0   0   0   0   0   0   0   0   0   0   0   0        
PK    19 121  27   4   0   0   0   0   0   0   0   0   0   0   0   0   0        
PK    17 121  60  15   0   0   0   0   0   0   0   0   0   0   0   0   0        
PK    15 121  57  34   9   0   0   0   0   0   0   0   0   0   0   0   0        
PK    13 121  34  53  30   0   0   0   0   0   0   0   0   0   0   0   0        
PK    11 121  30  60  60   0   0   0   0   0   0   0   0   0   0   0   0        
PK     9 121   0  38  53  12   0   0   0   0   0   0   0   0   0   0   0        
PK     7 121  27  27  60  16   0   0   0   0   0   0   0   0   0   0   0        
PK     5 121  19   0   8   4   0   0   0   0   0   0   0   0   0   0   0        
PK     3 121   0   0  12   7  14   0   0   0   0   0   0   0   0   0   0        
PK     1 121  30  23  15  25  21  14   0   0   0   0   0   0   0   0   0        
PK    -1 121  49  30  15  18  14  56  56  18  35  18   0   0   0   4   4        
PK    -3 121  64  19   0  18  25  35  56  49  70  67  46  42   7   4   0        
PK    -5 121  27  34   0   0   0   4  14  70  70  68  70  70  56  13  25        
PK    -7 121  19   0   8  12   7  21  25  70  70  70  70  68  68  55   7        
PK    -9 121  30  30  38  18  12  21  42  60  60  70  70  70  42  48  39        
PK   -11 121  14  18  35  53  48  38  40  40  40  50  60  70   0   3  15        
PK   -13 121   0  18  49  50  49  20  20  20  20  20  50  57   6   0   0        
PK   -15 121  13  40  40  40  49  20  20  20  20  20  50  60  51   0   0        
PK   -17 121  20  59  40  30  40  20  20  20  40  30  40  60  59  18   0        
PK   -19 121  30  40  40  30  40  30  30  30  40  40  40  50  69  51  45        
PK   -21 121  30  10  10  10  10  20  30  50  40  50  50  50  69  59  60        
PK   -23 121  30  10  10  10  10  20  20  20  50  60  50  40  60  50  60        
PK   -25 121  40  40  10  10  10  10  20  25  20  40  50  40  60  50  60        
PK   -27 121  50  50  10  10  10  10  20  25  20  20  40  40  60  50  60        
PK   -29 121  50  50  40  31  21  10  20  30  20  20  50  40  30  50  60        
PK   -31 121  40  50  40  40  20  40  49  49  59  10  40  40  50  50  50        
PK   -33 121  40  49  40  26  33  35  48  49  59  10  40  40  50  60  25        
PK   -35 121  50  50  13   0   0   0  13  15  59  20  30  30  50  60  25        
PK   -37 121  18  18   0   0   0   0   0   0  21  33  40  30  60  50  47        
PK   -39 121   0   0   0   0   0   0   0   0   0   0  15  45  59  59  45        
PK   -41 121   0   0   0   0   0   0   0   0   0   0   0  12  42  50  24        
PK   -43 121   0   0   0   0   0   0   0   0   0   0   0   0  13  45  15        
PK   -45 121   0   0   0   0   0   0   0   0   0   0   0   0   0   6   0        
PK   -47 121   0   0   0   0   0   0   0   0   0   0   0   0   0   0   0        
PK   -49 121   0   0   0   0   0   0   0   0   0   0   0   0   0   0   0        
PK   -51 121   0   0   0   0   0   0   0   0   0   0   0   0   0   0   0        
PK   -53 121   0   0   0   0   0   0   0   0   0   0   0   0   0   0   0        
PK   -55 121   0   0   0   0   0   0   0   0   0   0   0   0   0   0   0        
PK    83 151   0   0   0   0   0   0   0   0   0   0   0   0   0   0   0        
PK    81 151   0   0   0   0   0   0   0   0   0   0   0   0   0   0   0        
PK    79 151   7   7   6   4   0   0   0   0   0   0   0   0   0   0   0        
PK    77 151  10  10  10  10  10   7   7   6   5   3   0   0   0   0   0        
PK    75 151  20  10  20  30  20  10  10  10  10  10  10   9   7   7   6        
PK    73 151  30  20  20  30  20   8  10  10  10  10  10  10  10  10  10        
PK    71 151  30  30  20  30  20  20  10  20  10  10  10  10  10  10  10        
PK    69 151  40  40  30  40  30  13  10  18  10  10   9   8   9   9  10        
PK    67 151  40  40  40  50  40  15  20  18   8   9  16  17  17   9  15        
PK    65 151  49  49  49  50  40  14  30  26  18  29  40  34  26  14  17        
PK    63 151  49  49  49  39  37  30  34  26  40  28  30  32  26  20  26        
PK    61 151  37  32  34  47  50  40  50  27  15  20  28  15   8   0   0        
PK    59 151  49  28  28  33  47  50  40  24   4   3   3   0   0   0   0        
PK    57 151   8   3  18  45  27  48  23   0   0   0   0   0   0   0   0        
PK    55 151   0   0  33  40  40  38   5   3   4   0   0   0   0   0   0        
PK    53 151   0   0  33  40  10   6   0   0   0   0   0   5   0   0   0        
PK    51 151   0   0  13  35   3   0   0   0   0   0   0   0   0   0   0        
PK    49 151   0   4  14   5   0   0   0   0   0   0   0   0   0   0   0        
PK    47 151   7   4   0   0   0   0   0   0   0   0   0   0   0   0   0        
PK    45 151   4   0   0   0   0   0   0   0   0   0   0   0   0   0   0        
PK    43 151   0   0   0   0   0   0   0   0   0   0   0   0   0   0   0        
PK    41 151   0   0   0   0   0   0   0   0   0   0   0   0   0   0   0        
PK    39 151   0   0   0   0   0   0   0   0   0   0   0   0   0   0   0        
PK    37 151   0   0   0   0   0   0   0   0   0   0   0   0   0   0   0        
PK    35 151   0   0   0   0   0   0   0   0   0   0   0   0   0   0   0        
PK    33 151   0   0   0   0   0   0   0   0   0   0   0   0   0   0   0        
PK    31 151   0   0   0   0   0   0   0   0   0   0   0   0   0   0   0        
PK    29 151   0   0   0   0   0   0   0   0   0   0   0   0   0   0   0        
PK    27 151   0   0   0   0   0   0   0   0   0   0   0   0   0   0   0        
PK    25 151   0   0   0   0   0   0   0   0   0   0   0   0   0   0   0        
PK    23 151   0   0   0   0   0   0   0   0   0   0   0   0   0   0   0        
PK    21 151   0   0   0   0   0   0   0   0   0   0   0   0   0   0   0        
PK    19 151   0   0   0   0   0   0   0   0   0   0   0   0   0   0   0        
PK    17 151   0   0   0   0   0   0   0   0   0   0   0   0   0   0   0        
PK    15 151   0   0   0   0   0   0   0   0   0   0   0   0   0   0   0        
PK    13 151   0   0   0   0   0   0   0   0   0   0   0   0   0   0   0        
PK    11 151   0   0   0   0   0   0   0   0   0   0   0   0   0   0   0        
PK     9 151   0   0   0   0   0   0   0   0   0   0   0   0   0   0   0        
PK     7 151   0   0   0   0   0   0   0   0   0   0   0   0   0   0   0        
PK     5 151   0   0   0   0   0   0   0   0   0   0   0   0   0   0   0        
PK     3 151   0   0   0   0   0   0   0   0   0   0   0   0   0   0   0        
PK     1 151   0   0   0   0   0   0   0   0   0   0   0   0   0   0   0        
PK    -1 151   0   0   0   0   0   0   0   0   0   0   0   0   0   0   0        
PK    -3 151  14  14   0   0   0   0   0   0   0   0   0   0   0   0   0        
PK    -5 151  32  21  11   0   0   0   0   0   0   0   0   0   0   0   0        
PK    -7 151   7   0  14  18   7   0   0   0   0   0   0   0   0   0   0        
PK    -9 151  21   4   0  14  18  21   0   0   0   0   0   0   0   0   0        
PK   -11 151  18   4   0   0   0  11   4   4   0   0   0   0   0   0   0        
PK   -13 151   0   0   0   0   0   0   0   0   0   0   0   0   0   0   0        
PK   -15 151   0   0   0   0   0   0   0   0  15   9   0   0   0   0   0        
PK   -17 151   0   0   0   0   0   0   0   0   9  15   0   0   0  18  20        
PK   -19 151   6   0   0   0   0   0  21  21   0   6   0   0   0   8   8        
PK   -21 151  51  15   3   0   0   0   3  18  15   6   0   0   0   0   0        
PK   -23 151  59  25  20   0   0   0   0   0  18   0   0   0   0   0   0        
PK   -25 151  59  38   0   0   0   0   0   0   0   0   0   0   0   0   0        
PK   -27 151  50  45   0   0   0   0   0   0   0   0   0   0   0   0   0        
PK   -29 151  49  43   0   0   0   0   0   0   0   0   0   0   0   0   0        
PK   -31 151  30  33   0   0  10   0   0   0   0   0   0   0   0   0   0        
PK   -33 151  18  13   0   0   0   0   0   0   0   0   0   0   0   0   0        
PK   -35 151   9   0   0   0   0   0   0   0   0   0   0  42  14   0   0        
PK   -37 151  12   0   0   0   0   0   0   0   0   0   0  11  67  18  11        
PK   -39 151   3   0   0   0   0   0   0   0   0   0   0  35  50  67  18        
PK   -41 151   0   0   0   0   0   0   0   0   0   0  11  60  31  25   0        
PK   -43 151   0   0   0   0   0   0   0   0   0   7  28  53   0   0   0        
PK   -45 151   0   0   0   0   0   0   0   0  18  42  56  18   0   0   0        
PK   -47 151   0   0   0   0   0   0   0   0  39  46  11   0   0   0   0        
PK   -49 151   0   0   0   0   0   0   0   0  11   0   0   0   0   0   0        
PK   -51 151   0   0   0   0   0   0   0   0  14   0   0   0   0   0   0        
PK   -53 151   0   0   0   0   0   0   0   0   0   0   0   0   0   0   0        
PK   -55 151   0   0   0   0  10   0   0   0   0   0   0   0   0   0   0        
PK    83-179   0   0   0   0   0   0   0   0   0   0   0   0   0   0   0        
PK    81-179   0   0   0   0   0   0   0   0   0   0   0   0   0   0   0        
PK    79-179   0   0   0   0   0   0   0   0   0   0   0   0   0   0   0        
PK    77-179   0   0   0   0   0   0   0   0   0   0   0   0   0   0   0        
PK    75-179   0   0   0   0   0   0   0   0   0   0   0   0   0   0   0        
PK    73-179  10  10   0   0   0   0   0   0   0  10  10  10  10  10  10        
PK    71-179  10  10  10  10  10  10  10  10  10  10  10  10  10  10  10        
PK    69-179  10  10  10  10  10  10  10  10   9   5   5   7   0   0   0        
PK    67-179   7  10   7   8  10  10  10  10   9   8   8   7   0   0   0        
PK    65-179   9   8   5   9  10  10  10  10  10  10  10  10  10  10  10        
PK    63-179  10  10  10  10  10  10  10  10  10  10  10  10  10   9   0        
PK    61-179   4  10  10  10  10  10  10  10  10  10  10  10   0   0   0        
PK    59-179   0  11   3  10  10  10  10  10  10  10  10   0   0   0   0        
PK    57-179   0   0   0   3   8   9  10  10   9   9   0   0   0   0   0        
PK    55-179   0   0   0   0   0   0   0   0   3   0   0   0   0   0   0        
PK    53-179   0   0   2   2   0   2   2   2   2   0   0   0   0   0   0        
PK    51-179   0   4   0   0   0   0   0   0   0   0   0   0   0   0   0        
PK    49-179   0   0   0   0   0   0   0   0   0   0   0   0   0   0   0        
PK    47-179   0   0   0   0   0   0   0   0   0   0   0   0   0   0   0        
PK    45-179   0   0   0   0   0   0   0   0   0   0   0   0   0   0   0        
PK    43-179   0   0   0   0   0   0   0   0   0   0   0   0   0   0   0        
PK    41-179   0   0   0   0   0   0   0   0   0   0   0   0   0   0   0        
PK    39-179   0   0   0   0   0   0   0   0   0   0   0   0   0   0   0        
PK    37-179   0   0   0   0   0   0   0   0   0   0   0   0   0   0   0        
PK    35-179   0   0   0   0   0   0   0   0   0   0   0   0   0   0   0        
PK    33-179   0   0   0   0   0   0   0   0   0   0   0   0   0   0   0        
PK    31-179   0   0   0   0   0   0   0   0   0   0   0   0   0   0   0        
PK    29-179   0   0   0   0   0   0   0   0   0   0   0   0   0   0   0        
PK    27-179   0   0   0   0   0   0   0   0   0   0   0   0   0   0   0        
PK    25-179   0   0   0   0   0   0   0   0   0   0   0   0   0   0   0        
PK    23-179   0   0   0   0   0   0   0   0   0   0   7   0   0   0   0        
PK    21-179   0   0   0   0   0   0   0   0   0   0   7  17   7   0   0        
PK    19-179   0   0   0   0   0   0   0   0   0   0   0   0  14   0   0        
PK    17-179   0   0   0   0   0   0   0   0   0   0   0   0   0   0   0        
PK    15-179   0   0   0   0   0   0   0   0   0   0   0   0   0   0   0        
PK    13-179   0   0   0   0   0   0   0   0   0   0   0   0   0   0   0        
PK    11-179   0   0   0   0   0   0   0   0   0   0   0   0   0   0   0        
PK     9-179   0   0   0   0   0   0   0   0   0   0   0   0   0   0   0        
PK     7-179   0   0   0   0   0   0   0   0   0   0   0   0   0   0   0        
PK     5-179   0   0   0   0   0   0   0   0   0   0   0   0   0   0   0        
PK     3-179   0   0   0   0   0   0   0   0   0   0   0   0   0   0   0        
PK     1-179   0   0   0   0   0   0   0   0   0   0   0   0   0   0   0        
PK    -1-179   0   0   0   0   0   0   0   0   0   0   0   0   0   0   0        
PK    -3-179   0   0   0   0   0   0   0   0   0   0   0   0   0   0   0        
PK    -5-179   0   0   0   0   0   0   0   0   0   0   0   0   0   0   0        
PK    -7-179   0   0   0   0   0   0   0   0   0   0   0   0   0   0   0        
PK    -9-179   0   0   0   0   0   0   0   0   0   0   0   0   0   0   0        
PK   -11-179   0   0   0   0   0   0   0   0   0   0   0   0   0   0   0        
PK   -13-179   0   0   0  11   7   0   0   0   7   0   0   0   0   0   0        
PK   -15-179   0   0   0   0   7   0   0   0   7   0   0   0   0   0   0        
PK   -17-179   3   0   0   0   0   0   0   0   0   0   0   0   0   0   0        
PK   -19-179   0   0   0   0   0   4   0   0   0   4   0   0   0   0   0        
PK   -21-179   0   0   0   0   0   0   0   0   0   0   0   0   0   0   0        
PK   -23-179   0   0   0   0   0   0   0   0   0   0   0   0   0   0   0        
PK   -25-179   0   0   0   0   0   0   0   0   0   0   0   0   0   0   0        
PK   -27-179   0   0   0   0   0   0   0   0   0   0   0   0   0   0   0        
PK   -29-179   0   0   0   0   0   0   0   0   0   0   0   0   0   0   0        
PK   -31-179   0   0   0   0   0   0   0   0   0   0   0   0   0   0   0        
PK   -33-179   0   0   0   0   0   0   0   0   0   0   0   0   0   0   0        
PK   -35-179   0   0   0   0   0   0   0   0   0   0   0   0   0   0   0        
PK   -37-179   0   0   0   0   0   0   0   0   0   0   0   0   0   0   0        
PK   -39-179   0   0   0   0   0   0   0   0   0   0   0   0   0   0   0        
PK   -41-179   0   0   0   0   0   0   0   0   0   0   0   0   0   0   0        
PK   -43-179   0   3   0   0   0   0   0   0   0   0   0   0   0   0   0        
PK   -45-179   0   3   0   0   0   0   0   0   0   0   0   0   0   0   0        
PK   -47-179   0   0   0   0   0   0   0   0   0   0   0   0   0   0   0        
PK   -49-179   0   0   0   0   0   0   0   0   0   0   0   0   0   0   0        
PK   -51-179   0   0   0   0   0   0   0   0   0   0   0   0   0   0   0        
PK   -53-179   0   0   0   0   0   0   0   0   0   0   0   0   0   0   0        
PK   -55-179   0   0   0   0   0   0   0   0   0   0   0   0   0   0   0        
PK    83-149   0   0   0   0   0   0   0   0   0   0   0   0   0   0   0        
PK    81-149   0   0   0   0   0   0   0   0   0   0   0   0   0   0   0        
PK    79-149   0   0   0   0   0   0   0   0   0   0   0   0   0   0   0        
PK    77-149   0   0   0   0   0   0   0   0   0   0   0   0   0   0   0        
PK    75-149   0   0   0   0   0   0   0   0   0   0   0   0   0   0   0        
PK    73-149  10  10  10   0   0   0   0   0   0   0   0   0   0   0   0        
PK    71-149  10  10  10   0   0   0   0   0   0   0   0   0   0   0   0        
PK    69-149   0   0   0   0   0  10   0   0   0   0   0   0   0   0   0        
PK    67-149   0   0   0  10  10  10   0   0   0   0   0   0   0   0   0        
PK    65-149   0  10  10  10   0   0   0   0   0   0   0   0   0   0   0        
PK    63-149   0   0   0   6   8   0   0   0   0   0   0   0   0   0   0        
PK    61-149   0   0   0   0   0   0   0   0   0   0   0   0   0   0   0        
PK    59-149   0   0   0   3   2   0   0   0   0   0   0   0   0   0   0        
PK    57-149   0   0   0   0   0   0   0   0   0   0   0   0   0   0   0        
PK    55-149   0   0   0   0   0   0   0   0   0   0   0   0   0   0   0        
PK    53-149   0   0   0   0   0   0   0   0   0   0   0   0   0   0   0        
PK    51-149   0   0   0   0   0   0   0   0   0   0   0   8   0   0   0        
PK    49-149   0   0   0   0   0   0   0   0   0   0   0  15  24  14   3        
PK    47-149   0   0   0   0   0   0   0   0   0   0   0   0  24  71  25        
PK    45-149   0   0   0   0   0   0   0   0   0   0   0   0  21  71  39        
PK    43-149   0   0   0   0   0   0   0   0   0   0   0   0  21  66  75        
PK    41-149   0   0   0   0   0   0   0   0   0   0   0   0  15  69  63        
PK    39-149   0   0   0   0   0   0   0   0   0   0   0   0   0  48  41        
PK    37-149   0   0   0   0   0   0   0   0   0   0   0   0   0  15  45        
PK    35-149   0   0   0   0   0   0   0   0   0   0   0   0   0   0  21        
PK    33-149   0   0   0   0   0   0   0   0   0   0   0   0   0   0   0        
PK    31-149   0   0   0   0   0   0   0   0   0   0   0   0   0   0   0        
PK    29-149   0   0   0   0   0   0   0   0   0   0   0   0   0   0   0        
PK    27-149   0   0   0   0   0   0   0   0   0   0   0   0   0   0   0        
PK    25-149   0   0   0   0   0   0   0   0   0   0   0   0   0   0   0        
PK    23-149   0   0   0   0   0   0   0   0   0   0   0   0   0   0   0        
PK    21-149   0   0   0   0   0   0   0   0   0   0   0   0   0   0   0        
PK    19-149   0   0   0   0   0   0   0   0   0   0   0   0   0   0   0        
PK    17-149   0   0   0   0   0   0   0   0   0   0   0   0   0   0   0        
PK    15-149   0   0   0   0   0   0   0   0   0   0   0   0   0   0   0        
PK    13-149   0   0   0   0   0   0   0   0   0   0   0   0   0   0   0        
PK    11-149   0   0   0   0   0   0   0   0   0   0   0   0   0   0   0        
PK     9-149   0   0   0   0   0   0   0   0   0   0   0   0   0   0   0        
PK     7-149   0   0   0   0   0   0   0   0   0   0   0   0   0   0   0        
PK     5-149   0   0   0   0   0   0   0   0   0   0   0   0   0   0   0        
PK     3-149   0   0   0   0   0   0   0   0   0   0   0   0   0   0   0        
PK     1-149   0   0   0   0   0   0   0   0   0   0   0   0   0   0   0        
PK    -1-149   0   0   0   0   0   0   0   0   0   0   0   0   0   0   0        
PK    -3-149   0   0   0   0   0   0   0   0   0   0   0   0   0   0   0        
PK    -5-149   0   0   0   0   0   0   0   0   0   0   0   0   0   0   0        
PK    -7-149   0   0   0   0   0   0   0   0   0   0   0   0   0   0   0        
PK    -9-149   0   0   0   0   0   0   0   0   0   0   0   0   0   0   0        
PK   -11-149   0   0   0   0   0   0   0   0   0   0   0   0   0   0   0        
PK   -13-149   0   0   0   0   0   0   0   0   0   0   0   0   0   0   0        
PK   -15-149   0   0   0   4   0   0   0   0   0   0   0   0   0   0   0        
PK   -17-149   0   0   0  18   4   0   0   0   0   0   0   0   0   0   0        
PK   -19-149   0   0   0   0   4   4   4   0   0   0   0   0   0   0   0        
PK   -21-149   0   0   0   0   0   4   7   0   0   0   0   0   0   0   0        
PK   -23-149   0   0   0   0   0   0   0  11   0   0   0   0   0   0   0        
PK   -25-149   0   0   0   0   0   0   0   0   0   0   0   0   0   0   0        
PK   -27-149   0   0   0   0   0   0   0   0   0   0   0   0   0   0   0        
PK   -29-149   0   0   0   0   0   0   0   0   0   0   0   0   0   0   0        
PK   -31-149   0   0   0   0   0   0   0   0   0   0   0   0   0   0   0        
PK   -33-149   0   0   0   0   0   0   0   0   0   0   0   0   0   0   0        
PK   -35-149   0   0   0   0   0   0   0   0   0   0   0   0   0   0   0        
PK   -37-149   0   0   0   0   0   0   0   0   0   0   0   0   0   0   0        
PK   -39-149   0   0   0   0   0   0   0   0   0   0   0   0   0   0   0        
PK   -41-149   0   0   0   0   0   0   0   0   0   0   0   0   0   0   0        
PK   -43-149   0   0   0   0   0   0   0   0   0   0   0   0   0   0   0        
PK   -45-149   0   0   0   0   0   0   0   0   0   0   0   0   0   0   0        
PK   -47-149   0   0   0   0   0   0   0   0   0   0   0   0   0   0   0        
PK   -49-149   0   0   0   0   0   0   0   0   0   0   0   0   0   0   0        
PK   -51-149   0   0   0   0   0   0   0   0   0   0   0   0   0   0   0        
PK   -53-149   0   0   0   0   0   0   0   0   0   0   0   0   0   0   0        
PK   -55-149   0   0   0   0   0   0   0   0   0   0   0   0   0   0   0        
PK    83-119   0   0   0   0   0   0   0   0   0   0   0   0   0   0   0        
PK    81-119   0   0   0   0   0   0   0   0   0   0   0   0   0   0   0        
PK    79-119   0   0   0   0   0   0   0   0   0   0   0   0   0   0   0        
PK    77-119   0   0   0   0   0   0   0   0   0   0   0   0   0   0   0        
PK    75-119   0   0   0   0   0   0   0   0   0   0   0   0   0   0   0        
PK    73-119   0   0   0   0   0   0   0   0   0   0   0   0   0   0   0        
PK    71-119   0   0   0   0   0   0   0   0   0   0   0   0   0   0   0        
PK    69-119   0   0   0   0   0   0   0   0   0   0   0   0   0   0   0        
PK    67-119   0   0   0   0   0   0   0   0   0   0   0   0   0   0   0        
PK    65-119   0   0   0   0   0   0   0   0   0   0   0   0   0   0   0        
PK    63-119   0   0   0   0   0   0   0   0   0   0   0   0   0   0   0        
PK    61-119   0   0   0   0   0   0   0   0   0   0   0   0   0   0   0        
PK    59-119   0   0   0   0   0   0   0   0   0   0   0   0   0   0   0        
PK    57-119   0   0   0   0   0   0   0   0   0   0   0   0   0   0   0        
PK    55-119   0   0   0   0   0   0   0   0   0   0   0   0   0   0   0        
PK    53-119   0   0   0   0   0   0   0   0   0   0   0   0   0   0   0        
PK    51-119   0   0   0   0   0   0   0   0   0   0   0   0   0   0   0        
PK    49-119   0   0   0   5   0   3   0   0   0   0   0   0   0   0   0        
PK    47-119  26  40  12  22  14  33  25  10   5   0   0   0   0   0   0        
PK    45-119  48  62  10  25  12  23  40  49  49  17   0   0   0   2   8        
PK    43-119  49  69  47  59  29  23  40  49  40  36  15  15   7  12  20        
PK    41-119  36  49  56  16  49  47  66  69  30  20  20  20  14  14  20        
PK    39-119  33  45  48  33  63  69  55  69  30  20  20  20  20  49  20        
PK    37-119  42  48  48  57  49  69  45  79  30  20  30  49  40  79  69        
PK    35-119  58  53  48  59  69  69  69  49  30  30  30  40  79  79  40        
PK    33-119   6  33  40  49  50  69  60  49  50  40  40  79  49  69  49        
PK    31-119   0  15  48  48  50  50  50  50  50  50  49  49  40  50  48        
PK    29-119   0   0  33  30  45  50  50  50  49  49  49  48  36  40  45        
PK    27-119   0   0  14  40  18  45  60  60  49  49  49  40   8   5   0        
PK    25-119   0   0   0  18  10   8  40  40  40  40  30  20   0   0   0        
PK    23-119   0   0   0   0   4   4  16  35  40  40  30   8   0   4  18        
PK    21-119   0   0   0   0   0   0   3   7  40  40  60  25   0  18  79        
PK    19-119   0   0   0   0   0   0   0   9  37  40  47  90  38  46  79        
PK    17-119   0   0   0   0   0   0   0   0   4  20  40  50  69  69  69        
PK    15-119   0   0   0   0   0   0   0   0   0  10   0   8  14  53  28        
PK    13-119   0   0   0   0   0   0   0   0   0   0   0   0   0   4   0        
PK    11-119   0   0   0   0   0   0   0   0   0   0   0   0   0   0   0        
PK     9-119   0   0   0   0   0   0   0   0   0   0   0   0   0   0   0        
PK     7-119   0   0   0   0   0   0   0   0   0   0   0   0   0   0   0        
PK     5-119   0   0   0   0   0   0   0   0   0   0   0   0   0   0   0        
PK     3-119   0   0   0   0   0   0   0   0   0   0   0   0   0   0   0        
PK     1-119   0   0   0   0   0   0   0   0   0   0   0   0   0   0   0        
PK    -1-119   0   0   0   0   0   0   0   0   0   0   0   0   0   0   0        
PK    -3-119   0   0   0   0   0   0   0   0   0   0   0   0   0   0   0        
PK    -5-119   0   0   0   0   0   0   0   0   0   0   0   0   0   0   0        
PK    -7-119   0   0   0   0   0   0   0   0   0   0   0   0   0   0   0        
PK    -9-119   0   0   0   0   0   0   0   0   0   0   0   0   0   0   0        
PK   -11-119   0   0   0   0   0   0   0   0   0   0   0   0   0   0   0        
PK   -13-119   0   0   0   0   0   0   0   0   0   0   0   0   0   0   0        
PK   -15-119   0   0   0   0   0   0   0   0   0   0   0   0   0   0   0        
PK   -17-119   0   0   0   0   0   0   0   0   0   0   0   0   0   0   0        
PK   -19-119   0   0   0   0   0   0   0   0   0   0   0   0   0   0   0        
PK   -21-119   0   0   0   0   0   0   0   0   0   0   0   0   0   0   0        
PK   -23-119   0   0   0   0   0   0   0   0   0   0   0   0   0   0   0        
PK   -25-119   0   0   0   0   0   0   0   0   0   0   0   0   0   0   0        
PK   -27-119   0   0   0   0   0   0   0   0   0   0   0   0   0   0   0        
PK   -29-119   0   0   0   0   0   0   0   0   0   0   0   0   0   0   0        
PK   -31-119   0   0   0   0   0   0   0   0   0   0   0   0   0   0   0        
PK   -33-119   0   0   0   0   0   0   0   0   0   0   0   0   0   0   0        
PK   -35-119   0   0   0   0   0   0   0   0   0   0   0   0   0   0   0        
PK   -37-119   0   0   0   0   0   0   0   0   0   0   0   0   0   0   0        
PK   -39-119   0   0   0   0   0   0   0   0   0   0   0   0   0   0   0        
PK   -41-119   0   0   0   0   0   0   0   0   0   0   0   0   0   0   0        
PK   -43-119   0   0   0   0   0   0   0   0   0   0   0   0   0   0   0        
PK   -45-119   0   0   0   0   0   0   0   0   0   0   0   0   0   0   0        
PK   -47-119   0   0   0   0   0   0   0   0   0   0   0   0   0   0   0        
PK   -49-119   0   0   0   0   0   0   0   0   0   0   0   0   0   0   0        
PK   -51-119   0   0   0   0   0   0   0   0   0   0   0   0   0   0   0        
PK   -53-119   0   0   0   0   0   0   0   0   0   0   0   0   0   0   0        
PK   -55-119   0   0   0   0   0   0   0   0   0   0   0   0   0   0   0        
PK    83 -89   0   0   0   0   0   0   0   0   0   0   0   0   0   0   0        
PK    81 -89   0   0   0   0   0   0   0   0   0   0   0   0   0   0   0        
PK    79 -89   0   0   0   0   0   0   0   0   0   0   0   0   0   0   0        
PK    77 -89   0   0   0   0   0   0   0   0   0   0   0   0   0   0   0        
PK    75 -89   0   0   0   0   0   0   0   0   0   0   0   0   0   0   0        
PK    73 -89   0   0   0   0   0   0   0   0   0   0   0   0   0   0   0        
PK    71 -89   0   0   0   0   0   0   0   0   0   0   0   0   0   0   0        
PK    69 -89   0   0   0   0   0   0   0   0   0   0   0   0   0   0   0        
PK    67 -89   0   0   0   0   0   0   0   0   0   0   0   0   0   0   0        
PK    65 -89   0   0   0   0   0   0   0   0   0   0   0   0   0   0   0        
PK    63 -89   0   0   0   0   0   0   0   0   0   0   0   0   0   0   0        
PK    61 -89   0   0   0   0   0   0   0   0   0   0   0   0   0   0   0        
PK    59 -89   0   0   0   0   0   0   0   0   0   0   0   0   0   0   0        
PK    57 -89   0   0   0   0   0   0   0   0   0   0   0   0   0   0   0        
PK    55 -89   0   0   0   0   0   0   0   0   0   0   0   0   0   0   0        
PK    53 -89   0   0   0   0   0   0   0   0   0   0   0   0   0   0   0        
PK    51 -89   0   0   0   0   0   0   0   0   0   0   0   0   0   0   0        
PK    49 -89   0   0   0   0   0   0   0   0   0   0   0   0   0   0   0        
PK    47 -89   0   0   0   0   0   0   0   0   0   0   0   0   0   0   0        
PK    45 -89   4   0   0   0   0   0   0   0   0   0   0   0   0   0   0        
PK    43 -89   5   0   0   0   0   0   2   0   0   0   0   0   0   0   0        
PK    41 -89   4   0   0  10  30  40  40   5   4   5   5   0   0   0   0        
PK    39 -89  16  31  37  40  69  50  49  50   2   0   0   0   0   0   0        
PK    37 -89  40  50  69  84  69  79  89  33   0   0   0   0   0   0   0        
PK    35 -89  40  89  89  60  89  89  76  18   0   0   0   0   0   0   0        
PK    33 -89  40  89  89  89  79  38  18   0   0   0   0   0   0   0   0        
PK    31 -89  59  84  84  69  54   5   0   0   0   0   0   0   0   0   0        
PK    29 -89  30  36  40  45  45   5   0   0   0   0   0   0   0   0   0        
PK    27 -89   0   0  15  40  49  18  15   0   0   0   0   0   0   0   0        
PK    25 -89   6   6   5  35  30  33  36  11   0   0   0   0   0   0   0        
PK    23 -89  51  30   8  25  33  38  48  28   7   0   0   0   0   0   0        
PK    21 -89  69  39   5  13   8  30  48  21  18  18  14   0   0   0   0        
PK    19 -89  69  18   0   0   0   5  21  14  53  56  28  18  21  12   0        
PK    17 -89  68   7  12  25  24   0   6   0   0   7   0   0   0  12  11        
PK    15 -89  69  69  59  69  28   0   0   0   0   0   0   0   0   0  12        
PK    13 -89  42  63  59  53   0   0   0   0   7  27   7   0   0   0  12        
PK    11 -89   0  28  59  25   0   0   0  35  60  74  52  23  20  49  36        
PK     9 -89   0   0  39  52  36  45  54  69  84  75  94  84  65  65  55        
PK     7 -89   0   0   0  11  27  15  77  30  27  79  64  64  84  90  90        
PK     5 -89   0   0   0   0   0   0  72  25  30  64  64  79  94  90  80        
PK     3 -89   0   0   0   0   0  12  26  30  64  74  64  79  84  80  80        
PK     1 -89   0   0   0   0   8  60  40  79  64  79  79  79  84  80  80        
PK    -1 -89   0   0   0   0  28  50  79  89  94  84  79  79  79  85  80        
PK    -3 -89   0   0   0   0  23  56  84  79  84  84  89  79  84  85  90        
PK    -5 -89   0   0   0   0  33  47  84  79  79  79  94  84  79  85  80        
PK    -7 -89   0   0   0   0  20  36  80  79  79  79  79  84  84  85  90        
PK    -9 -89   0   0   0   0   3  23  34  59  79  79  79  79  84  80  85        
PK   -11 -89   0   0   0   0   0  13  20  44  59  94  84  79  74  80  80        
PK   -13 -89   0   0   0   0   0   0  21  28  76  45  40  80  65  80  80        
PK   -15 -89   0   0   0   0   0   0  10  15  13  18  26  60  65  80  80        
PK   -17 -89   0   0   0   0   0   0   0   3  50  20  21  40  47  80  80        
PK   -19 -89   0   0   0   0   0   0   0   0  30  30  12  24  14  60  65        
PK   -21 -89   0   0   0   0   0   0   0   0  20  30  17  25  90  30  25        
PK   -23 -89   0   0   0   0   0   0   0   0  20  30  27  21  33  30  20        
PK   -25 -89   0   0   0   0   0   0   0   0  20  30  24  32  19  25  20        
PK   -27 -89   0   0   0   0   0   0   0   0  50  70  27  33  20  20  20        
PK   -29 -89   0   0   0   0   0   0   0   0  50  76  34  17  20  20  20        
PK   -31 -89   0   0   0   0   0   0   0   0  60  68  20  20  20  20  20        
PK   -33 -89   0   0   0   0   0   0   0   0  60  72  13  20  20  25  20        
PK   -35 -89   0   0   0   0   0   0   0   0  60  49  32  20  25  25  20        
PK   -37 -89   0   0   0   0   0   0   0   0  60  27  41  45  45  50  25        
PK   -39 -89   0   0   0   0   0   0   0  50  36  15  45  45  45  45  55        
PK   -41 -89   0   0   0   0   0   0   0  40  28  11  40  40  40  40  49        
PK   -43 -89   0   0   0   0   0   0   0  40  10  13  40  24  30  40  45        
PK   -45 -89   0   0   0   0   0   0   0  28   0  10  32  30  40  40  40        
PK   -47 -89   0   0   0   0   0   0   0  10   0  13  28  30  32  40  24        
PK   -49 -89   0   0   0   0   0   0   0   4   0  16  25  18  25  40  14        
PK   -51 -89   0   0   0   0   0   0   0   4   0  16  20  20  25  17  22        
PK   -53 -89   0   0   0   0   0   0   0  10   0   0   3  17  16   0   7        
PK   -55 -89   0   0   0   0   0   0   0  20   2   2   5   8  10   4   0        
PK    83 -59   0   0   0   0   0   0   0   0   0   0   0   0   0   0   0        
PK    81 -59   0   0   0   0   0   0   0   0   0   0   0   0   0   0   0        
PK    79 -59   0   0   0   0   0   0   0   0   0   0   0   0   0   0   0        
PK    77 -59   0   0   0   0   0   0   0   0   0   0   0   0   0   0   0        
PK    75 -59   0   0   0   0   0   0   0   0   0   0   0   0   0   0   0        
PK    73 -59   0   0   0   0   0   0   0   0   0   0   0   0   0   0   0        
PK    71 -59   0   0   0   0   0   0   0   0   0   0   0   0   0   0   0        
PK    69 -59   0   0   0   0   0   0   0   0   0   0   0   0   0   0   0        
PK    67 -59   0   0   0   0   0   0   0   0   0   0   0   0   0   0   0        
PK    65 -59   0   0   0   0   0   0   0   0   0   0   0   0   0   0   0        
PK    63 -59   0   0   0   0   0   0   0   0   0   0   0   0   0   0   0        
PK    61 -59   0   0   0   0   0   0   0   0   0   0   0   0   0   0   0        
PK    59 -59   0   0   0   0   0   0   0   0   0   0   0   0   0   0   0        
PK    57 -59   0   0   0   0   0   0   0   0   0   0   0   0   0   0   0        
PK    55 -59   0   0   0   0   0   0   0   0   0   0   0   0   0   0   0        
PK    53 -59   0   0   0   0   0   0   0   0   0   0   0   0   0   0   0        
PK    51 -59   0   0   0   0   0   0   0   0   0   0   0   0   0   0   0        
PK    49 -59   0   0   0   0   0   0   0   0   0   0   0   0   0   0   0        
PK    47 -59   0   0   0   0   0   0   0   0   0   0   0   0   0   0   0        
PK    45 -59   0   0   0   0   0   0   0   0   0   0   0   0   0   0   0        
PK    43 -59   0   0   0   0   0   0   0   0   0   0   0   0   0   0   0        
PK    41 -59   0   0   0   0   0   0   0   0   0   0   0   0   0   0   0        
PK    39 -59   0   0   0   0   0   0   0   0   0   0   0   0   0   0   0        
PK    37 -59   0   0   0   0   0   0   0   0   0   0   0   0   0   0   0        
PK    35 -59   0   0   0   0   0   0   0   0   0   0   0   0   0   0   0        
PK    33 -59   0   0   0   0   0   0   0   0   0   0   0   0   0   0   0        
PK    31 -59   0   0   0   0   0   0   0   0   0   0   0   0   0   0   0        
PK    29 -59   0   0   0   0   0   0   0   0   0   0   0   0   0   0   0        
PK    27 -59   0   0   0   0   0   0   0   0   0   0   0   0   0   0   0        
PK    25 -59   0   0   0   0   0   0   0   0   0   0   0   0   0   0   0        
PK    23 -59   0   0   0   0   0   0   0   0   0   0   0   0   0   0   0        
PK    21 -59   0   0   0   0   0   0   0   0   0   0   0   0   0   0   0        
PK    19 -59   0   0   0   0   0   0   0   0   0   0   0   0   0   0   0        
PK    17 -59   0   0   0   0   0   0   0   0   0   0   0   0   0   0   0        
PK    15 -59   0   0   0   0   0   0   0   0   0   0   0   0   0   0   0        
PK    13 -59   4   0   0   0   0   0   0   0   0   0   0   0   0   0   0        
PK    11 -59   0   0   0   0   0   0   0   0   0   0   0   0   0   0   0        
PK     9 -59  35   4   0   0   0   0   0   0   0   0   0   0   0   0   0        
PK     7 -59  75  64  57  38   0   0   0   0   0   0   0   0   0   0   0        
PK     5 -59  85  90  95  90  52  16   0   0   0   0  94   0   0   0   0        
PK     3 -59  80  80  80  90  80  64  18   0   0   0  56   0   0   0   0        
PK     1 -59  80  80  80  80  80  79  72  24   0   0   0   0   0   0   0        
PK    -1 -59  95  85  85  90  90  85  95  91  48   0   0   0   0   0   0        
PK    -3 -59  90  85  90  80  80  90  90  95  90  72   0  10   0   0   0        
PK    -5 -59  80  85  90  80  80  80  90  95  90  90  62  76  32   0   0        
PK    -7 -59  90  90  80  80  80  80  90  90  95  95  95  95  36   0   0        
PK    -9 -59  85  80  80  80  80  80  90  90  95  95  95  95  41   0   0        
PK   -11 -59  80  80  80  80  80  90  85  90  95  95  95  48   0   0   0        
PK   -13 -59  80  80  80  80  90  80  80  90  95  95  72  86   0   0   0        
PK   -15 -59  80  80  80  80  90  80  80  90  95  95  57   0   0   0   0        
PK   -17 -59  95  80  80  80  90  80  80  95  95  95  72  19   0   0   0        
PK   -19 -59  60  80  80  80  90  90  80  90  95  95  81  18   0   0   0        
PK   -21 -59  30  70  85  90  90  85  80  90  95  86  16   8   0   0   0        
PK   -23 -59  30  30  90  90  90  80  85  90  72  38   0   0   0   0   0        
PK   -25 -59  25  25  80  80  40  80  70  42   7   0   0   0   0   0   0        
PK   -27 -59  20  25  30  75  70  70  46   0   0   0   0   0   0   0   0        
PK   -29 -59  20  25  30  75  85  63  11   0   0   0   0   0   0   0   0        
PK   -31 -59  20  25  70  90  70  25   0   0   0   0   0   0   0   0   0        
PK   -33 -59  25  25  70  70  46   0   0   0   0   0   0   0   0   0   0        
PK   -35 -59  30  60  70  60   7   0   0   0   0   0   0   0   0   0   0        
PK   -37 -59  25  60  53  11   0   0   0   0   0   0   0   0   0   0   0        
PK   -39 -59  60  54  14   0   0   0   0   0   0   0   0   0   0   0   0        
PK   -41 -59  59  30   0   0   0   0   0   0   0   0   0   0   0   0   0        
PK   -43 -59  36   0   0   0   0   0   0   0   0   0   0   0   0   0   0        
PK   -45 -59   9   0   0   0   0   0   0   0   0   0   0   0   0   0   0        
PK   -47 -59   0   0   0   0   0   0   0   0   0   0   0   0   0   0   0        
PK   -49 -59   3   0   0   0   0   0   0   0   0   0   0   0   0   0   0        
PK   -51 -59  10   8   0   0   0   0   0   0   0   0   0   0   0   0   0        
PK   -53 -59   0   0   0   0   0   0   0   0   0   0   0   0   0   0   0        
PK   -55 -59   0   0   0   0   0   0   0   0   0   0   0   0   0   0   0        
PK    83 -29   0   0   0   0   0   0   0   0   0   0   0   0   0   0   0        
PK    81 -29   0   0   0   0   0   0   0   0   0   0   0   0   0   0   0        
PK    79 -29   0   0   0   0   0   0   0   0   0   0   0   0   0   0   0        
PK    77 -29   0   0   0   0   0   0   0   0   0   0   0   0   0   0   0        
PK    75 -29   0   0   0   0   0   0   0   0   0   0   0   0   0   0   0        
PK    73 -29   0   0   0   0   0   0   0   0   0   0   0   0   0   0   0        
PK    71 -29   0   0   0   0   0   0   0   0   0   0   0   0   0   0   0        
PK    69 -29   0   0   0   0   0   0   0   0   0   0   0   0   0   0   0        
PK    67 -29   0   0   0   0   0   0   0   0   0   0   0   0   0   0   0        
PK    65 -29   0   0   0   0   0   0   0   0   0   0   0   0   0   0   0        
PK    63 -29   0   0   0   0   0   0   0   0   0   0   0   2   0   0   0        
PK    61 -29   0   0   0   0   0   0   0   0   0   0   0   2   0   0   0        
PK    59 -29   0   0   0   0   0   0   0   0   0   0   2   7   0   0   0        
PK    57 -29   0   0   0   0   0   0   0   0   0   0   0   0   0   0   0        
PK    55 -29   0   0   0   0   0   0   0   0   0   4   0   0   0   0   0        
PK    53 -29   0   0   0   0   0   0   0   0   0  23   4  14   2   4  20        
PK    51 -29   0   0   0   0   0   0   0   0   0  33  40  45  57  43  48        
PK    49 -29   0   0   0   0   0   0   0   0   0  18  45  57  67  30  21        
PK    47 -29   0   0   0   0   0   0   0   0   0   0   0  18  46  30  20        
PK    45 -29   0   0   0   0   0   0   0   0   0   0   0   0   0  28  63        
PK    43 -29   0   0   0   0   0   0   0   0   0   0  42  63  56  49  67        
PK    41 -29   0   0   0   0   0   0   0   0   0   0  53  67  67  67  67        
PK    39 -29   0   0   0   0   0   0   0   0   0   0  53  67  67  67  67        
PK    37 -29   0   0   0   0   0   0   0   0   0   0  15  42  51  36  15        
PK    35 -29   0   0   0   0   0   0   0   0   0   0   0  16  30  24  38        
PK    33 -29   0   0   0   0   0   0   0   0   0   0  20  49  50  10  10        
PK    31 -29   0   0   0   0   0   0   0   0   0   3  49  40   0   0   0        
PK    29 -29   0   0   0   0   0   0   0   0   0   0   0   0   0   0   0        
PK    27 -29   0   0   0   0   0   0   0   0   0   0   0   0   0   0   0        
PK    25 -29   0   0   0   0   0   0   0   0   0   0   0   0   0   0   0        
PK    23 -29   0   0   0   0   0   0   0   0   0   0   0   0   0   0   0        
PK    21 -29   0   0   0   0   0   0   0   0   0   0   0   0   0   0   0        
PK    19 -29   0   0   0   0   0   0   0   0   0   0   0   0   0   0   0        
PK    17 -29   0   0   0   0   0   0  11  20  20  20   0   0   0   0   0        
PK    15 -29   0   0   0   0   0   0  30  50  50  40  10  30   0   0  30        
PK    13 -29   0   0   0   0   0   0  49  64  41  41  31  40  30  30  40        
PK    11 -29   0   0   0   0   0   0  44  79  69  60  60  31  50  31  31        
PK     9 -29   0   0   0   0   0   0   8  40  74  70  70  70  60  59  59        
PK     7 -29   0   0   0   0   0   0   0   4  28  68  79  80  70  69  69        
PK     5 -29   0   0   0   0   0   0   0   0   0  12  56  64  40  48  45        
PK     3 -29   0   0   0   0   0   0   0   0   0   0   0   0   0   0   0        
PK     1 -29   0   0   0   0   0   0   0   0   0   0   0   0   0   0   0        
PK    -1 -29   0   0   0   0   0   0   0   0   0   0   0   0   0   0   0        
PK    -3 -29   0   0   0   0   0   0   0   0   0   0   0   0   0   0   0        
PK    -5 -29   0   0   0   0   0   0   0   0   0   0   0   0   0   0   0        
PK    -7 -29   0   0   0   0   0   0   0   0   0   0   0   0   0   0   0        
PK    -9 -29   0   0   0   0   0   0   0   0   0   0   0   0   0   0   0        
PK   -11 -29   0   0   0   0   0   0   0   0   0   0   0   0   0   0   0        
PK   -13 -29   0   0   0   0   0   0   0   0   0   0   0   0   0   0   0        
PK   -15 -29   0   0   0   0   0   0   0   0   0   0   0   0   0   0   0        
PK   -17 -29   0   0   0   0   0   0   0   0   0   0   0   0   0   0   0        
PK   -19 -29   0   0   0   0   0   0   0   0   0   0   0   0   0   0   0        
PK   -21 -29   0   0   0   0   0   0   0   0   0   0   0   0   0   0   0        
PK   -23 -29   0   0   0   0   0   0   0   0   0   0   0   0   0   0   0        
PK   -25 -29   0   0   0   0   0   0   0   0   0   0   0   0   0   0   0        
PK   -27 -29   0   0   0   0   0   0   0   0   0   0   0   0   0   0   0        
PK   -29 -29   0   0   0   0   0   0   0   0   0   0   0   0   0   0   0        
PK   -31 -29   0   0   0   0   0   0   0   0   0   0   0   0   0   0   0        
PK   -33 -29   0   0   0   0   0   0   0   0   0   0   0   0   0   0   0        
PK   -35 -29   0   0   0   0   0   0   0   0   0   0   0   0   0   0   0        
PK   -37 -29   0   0   0   0   0   0   0   0   0   0   0   0   0   0   0        
PK   -39 -29   0   0   0   0   0   0   0   0   0   0   0   0   0   0   0        
PK   -41 -29   0   0   0   0   0   0   0   0   0   0   0   0   0   0   0        
PK   -43 -29   0   0   0   0   0   0   0   0   0   0   0   0   0   0   0        
PK   -45 -29   0   0   0   0   0   0   0   0   0   0   0   0   0   0   0        
PK   -47 -29   0   0   0   0   0   0   0   0   0   0   0   0   0   0   0        
PK   -49 -29   0   0   0   0   0   0   0   0   0   0   0   0   0   0   0        
PK   -51 -29   0   0   0   0   0   0   0   0   0   0   0   0   0   0   0        
PK   -53 -29   0   0   0   0   0   0   0   0   0   0   0   0   0   0   0        
PK   -55 -29   0   0   0   0   0   0   0   0   0   0   0   0   0   0   0        
